 0.00000e+00  1.25000e-08  0.00000e+00  1.25000e-08  0.00000e+00  1.25000e-08 
 1.25000e-08  2.50000e-08  0.00000e+00  1.25000e-08  0.00000e+00  1.25000e-08 
 0.00000e+00  1.25000e-08  1.25000e-08  2.50000e-08  0.00000e+00  1.25000e-08 
 1.25000e-08  2.50000e-08  1.25000e-08  2.50000e-08  0.00000e+00  1.25000e-08 
 0.00000e+00  1.25000e-08  0.00000e+00  1.25000e-08  1.25000e-08  2.50000e-08 
 1.25000e-08  2.50000e-08  0.00000e+00  1.25000e-08  1.25000e-08  2.50000e-08 
 0.00000e+00  1.25000e-08  1.25000e-08  2.50000e-08  1.25000e-08  2.50000e-08 
 1.25000e-08  2.50000e-08  1.25000e-08  2.50000e-08  1.25000e-08  2.50000e-08 
 2.50000e-08  3.75000e-08  0.00000e+00  1.25000e-08  0.00000e+00  1.25000e-08 
 3.75000e-08  5.00000e-08  0.00000e+00  1.25000e-08  0.00000e+00  1.25000e-08 
 2.50000e-08  3.75000e-08  1.25000e-08  2.50000e-08  0.00000e+00  1.25000e-08 
 3.75000e-08  5.00000e-08  1.25000e-08  2.50000e-08  0.00000e+00  1.25000e-08 
 2.50000e-08  3.75000e-08  0.00000e+00  1.25000e-08  1.25000e-08  2.50000e-08 
 3.75000e-08  5.00000e-08  0.00000e+00  1.25000e-08  1.25000e-08  2.50000e-08 
 2.50000e-08  3.75000e-08  1.25000e-08  2.50000e-08  1.25000e-08  2.50000e-08 
 3.75000e-08  5.00000e-08  1.25000e-08  2.50000e-08  1.25000e-08  2.50000e-08 
 0.00000e+00  1.25000e-08  2.50000e-08  3.75000e-08  0.00000e+00  1.25000e-08 
 1.25000e-08  2.50000e-08  2.50000e-08  3.75000e-08  0.00000e+00  1.25000e-08 
 0.00000e+00  1.25000e-08  3.75000e-08  5.00000e-08  0.00000e+00  1.25000e-08 
 1.25000e-08  2.50000e-08  3.75000e-08  5.00000e-08  0.00000e+00  1.25000e-08 
 0.00000e+00  1.25000e-08  2.50000e-08  3.75000e-08  1.25000e-08  2.50000e-08 
 1.25000e-08  2.50000e-08  2.50000e-08  3.75000e-08  1.25000e-08  2.50000e-08 
 0.00000e+00  1.25000e-08  3.75000e-08  5.00000e-08  1.25000e-08  2.50000e-08 
 1.25000e-08  2.50000e-08  3.75000e-08  5.00000e-08  1.25000e-08  2.50000e-08 
 2.50000e-08  3.75000e-08  2.50000e-08  3.75000e-08  0.00000e+00  1.25000e-08 
 3.75000e-08  5.00000e-08  2.50000e-08  3.75000e-08  0.00000e+00  1.25000e-08 
 2.50000e-08  3.75000e-08  3.75000e-08  5.00000e-08  0.00000e+00  1.25000e-08 
 3.75000e-08  5.00000e-08  3.75000e-08  5.00000e-08  0.00000e+00  1.25000e-08 
 2.50000e-08  3.75000e-08  2.50000e-08  3.75000e-08  1.25000e-08  2.50000e-08 
 3.75000e-08  5.00000e-08  2.50000e-08  3.75000e-08  1.25000e-08  2.50000e-08 
 2.50000e-08  3.75000e-08  3.75000e-08  5.00000e-08  1.25000e-08  2.50000e-08 
 3.75000e-08  5.00000e-08  3.75000e-08  5.00000e-08  1.25000e-08  2.50000e-08 
 0.00000e+00  1.25000e-08  0.00000e+00  1.25000e-08  2.50000e-08  3.75000e-08 
 1.25000e-08  2.50000e-08  0.00000e+00  1.25000e-08  2.50000e-08  3.75000e-08 
 0.00000e+00  1.25000e-08  1.25000e-08  2.50000e-08  2.50000e-08  3.75000e-08 
 1.25000e-08  2.50000e-08  1.25000e-08  2.50000e-08  2.50000e-08  3.75000e-08 
 0.00000e+00  1.25000e-08  0.00000e+00  1.25000e-08  3.75000e-08  5.00000e-08 
 1.25000e-08  2.50000e-08  0.00000e+00  1.25000e-08  3.75000e-08  5.00000e-08 
 0.00000e+00  1.25000e-08  1.25000e-08  2.50000e-08  3.75000e-08  5.00000e-08 
 1.25000e-08  2.50000e-08  1.25000e-08  2.50000e-08  3.75000e-08  5.00000e-08 
 2.50000e-08  3.75000e-08  0.00000e+00  1.25000e-08  2.50000e-08  3.75000e-08 
 3.75000e-08  5.00000e-08  0.00000e+00  1.25000e-08  2.50000e-08  3.75000e-08 
 2.50000e-08  3.75000e-08  1.25000e-08  2.50000e-08  2.50000e-08  3.75000e-08 
 3.75000e-08  5.00000e-08  1.25000e-08  2.50000e-08  2.50000e-08  3.75000e-08 
 2.50000e-08  3.75000e-08  0.00000e+00  1.25000e-08  3.75000e-08  5.00000e-08 
 3.75000e-08  5.00000e-08  0.00000e+00  1.25000e-08  3.75000e-08  5.00000e-08 
 2.50000e-08  3.75000e-08  1.25000e-08  2.50000e-08  3.75000e-08  5.00000e-08 
 3.75000e-08  5.00000e-08  1.25000e-08  2.50000e-08  3.75000e-08  5.00000e-08 
 0.00000e+00  1.25000e-08  2.50000e-08  3.75000e-08  2.50000e-08  3.75000e-08 
 1.25000e-08  2.50000e-08  2.50000e-08  3.75000e-08  2.50000e-08  3.75000e-08 
 0.00000e+00  1.25000e-08  3.75000e-08  5.00000e-08  2.50000e-08  3.75000e-08 
 1.25000e-08  2.50000e-08  3.75000e-08  5.00000e-08  2.50000e-08  3.75000e-08 
 0.00000e+00  1.25000e-08  2.50000e-08  3.75000e-08  3.75000e-08  5.00000e-08 
 1.25000e-08  2.50000e-08  2.50000e-08  3.75000e-08  3.75000e-08  5.00000e-08 
 0.00000e+00  1.25000e-08  3.75000e-08  5.00000e-08  3.75000e-08  5.00000e-08 
 1.25000e-08  2.50000e-08  3.75000e-08  5.00000e-08  3.75000e-08  5.00000e-08 
 2.50000e-08  3.75000e-08  2.50000e-08  3.75000e-08  2.50000e-08  3.75000e-08 
 3.75000e-08  5.00000e-08  2.50000e-08  3.75000e-08  2.50000e-08  3.75000e-08 
 2.50000e-08  3.75000e-08  3.75000e-08  5.00000e-08  2.50000e-08  3.75000e-08 
 3.75000e-08  5.00000e-08  3.75000e-08  5.00000e-08  2.50000e-08  3.75000e-08 
 2.50000e-08  3.75000e-08  2.50000e-08  3.75000e-08  3.75000e-08  5.00000e-08 
 3.75000e-08  5.00000e-08  2.50000e-08  3.75000e-08  3.75000e-08  5.00000e-08 
 2.50000e-08  3.75000e-08  3.75000e-08  5.00000e-08  3.75000e-08  5.00000e-08 
 3.75000e-08  5.00000e-08  3.75000e-08  5.00000e-08  3.75000e-08  5.00000e-08 
 5.00000e-08  6.25000e-08  0.00000e+00  1.25000e-08  0.00000e+00  1.25000e-08 
 6.25000e-08  7.50000e-08  0.00000e+00  1.25000e-08  0.00000e+00  1.25000e-08 
 5.00000e-08  6.25000e-08  1.25000e-08  2.50000e-08  0.00000e+00  1.25000e-08 
 6.25000e-08  7.50000e-08  1.25000e-08  2.50000e-08  0.00000e+00  1.25000e-08 
 5.00000e-08  6.25000e-08  0.00000e+00  1.25000e-08  1.25000e-08  2.50000e-08 
 6.25000e-08  7.50000e-08  0.00000e+00  1.25000e-08  1.25000e-08  2.50000e-08 
 5.00000e-08  6.25000e-08  1.25000e-08  2.50000e-08  1.25000e-08  2.50000e-08 
 6.25000e-08  7.50000e-08  1.25000e-08  2.50000e-08  1.25000e-08  2.50000e-08 
 7.50000e-08  8.75000e-08  0.00000e+00  1.25000e-08  0.00000e+00  1.25000e-08 
 8.75000e-08  1.00000e-07  0.00000e+00  1.25000e-08  0.00000e+00  1.25000e-08 
 7.50000e-08  8.75000e-08  1.25000e-08  2.50000e-08  0.00000e+00  1.25000e-08 
 8.75000e-08  1.00000e-07  1.25000e-08  2.50000e-08  0.00000e+00  1.25000e-08 
 7.50000e-08  8.75000e-08  0.00000e+00  1.25000e-08  1.25000e-08  2.50000e-08 
 8.75000e-08  1.00000e-07  0.00000e+00  1.25000e-08  1.25000e-08  2.50000e-08 
 7.50000e-08  8.75000e-08  1.25000e-08  2.50000e-08  1.25000e-08  2.50000e-08 
 8.75000e-08  1.00000e-07  1.25000e-08  2.50000e-08  1.25000e-08  2.50000e-08 
 5.00000e-08  6.25000e-08  2.50000e-08  3.75000e-08  0.00000e+00  1.25000e-08 
 6.25000e-08  7.50000e-08  2.50000e-08  3.75000e-08  0.00000e+00  1.25000e-08 
 5.00000e-08  6.25000e-08  3.75000e-08  5.00000e-08  0.00000e+00  1.25000e-08 
 6.25000e-08  7.50000e-08  3.75000e-08  5.00000e-08  0.00000e+00  1.25000e-08 
 5.00000e-08  6.25000e-08  2.50000e-08  3.75000e-08  1.25000e-08  2.50000e-08 
 6.25000e-08  7.50000e-08  2.50000e-08  3.75000e-08  1.25000e-08  2.50000e-08 
 5.00000e-08  6.25000e-08  3.75000e-08  5.00000e-08  1.25000e-08  2.50000e-08 
 6.25000e-08  7.50000e-08  3.75000e-08  5.00000e-08  1.25000e-08  2.50000e-08 
 7.50000e-08  8.75000e-08  2.50000e-08  3.75000e-08  0.00000e+00  1.25000e-08 
 8.75000e-08  1.00000e-07  2.50000e-08  3.75000e-08  0.00000e+00  1.25000e-08 
 7.50000e-08  8.75000e-08  3.75000e-08  5.00000e-08  0.00000e+00  1.25000e-08 
 8.75000e-08  1.00000e-07  3.75000e-08  5.00000e-08  0.00000e+00  1.25000e-08 
 7.50000e-08  8.75000e-08  2.50000e-08  3.75000e-08  1.25000e-08  2.50000e-08 
 8.75000e-08  1.00000e-07  2.50000e-08  3.75000e-08  1.25000e-08  2.50000e-08 
 7.50000e-08  8.75000e-08  3.75000e-08  5.00000e-08  1.25000e-08  2.50000e-08 
 8.75000e-08  1.00000e-07  3.75000e-08  5.00000e-08  1.25000e-08  2.50000e-08 
 5.00000e-08  6.25000e-08  0.00000e+00  1.25000e-08  2.50000e-08  3.75000e-08 
 6.25000e-08  7.50000e-08  0.00000e+00  1.25000e-08  2.50000e-08  3.75000e-08 
 5.00000e-08  6.25000e-08  1.25000e-08  2.50000e-08  2.50000e-08  3.75000e-08 
 6.25000e-08  7.50000e-08  1.25000e-08  2.50000e-08  2.50000e-08  3.75000e-08 
 5.00000e-08  6.25000e-08  0.00000e+00  1.25000e-08  3.75000e-08  5.00000e-08 
 6.25000e-08  7.50000e-08  0.00000e+00  1.25000e-08  3.75000e-08  5.00000e-08 
 5.00000e-08  6.25000e-08  1.25000e-08  2.50000e-08  3.75000e-08  5.00000e-08 
 6.25000e-08  7.50000e-08  1.25000e-08  2.50000e-08  3.75000e-08  5.00000e-08 
 7.50000e-08  8.75000e-08  0.00000e+00  1.25000e-08  2.50000e-08  3.75000e-08 
 8.75000e-08  1.00000e-07  0.00000e+00  1.25000e-08  2.50000e-08  3.75000e-08 
 7.50000e-08  8.75000e-08  1.25000e-08  2.50000e-08  2.50000e-08  3.75000e-08 
 8.75000e-08  1.00000e-07  1.25000e-08  2.50000e-08  2.50000e-08  3.75000e-08 
 7.50000e-08  8.75000e-08  0.00000e+00  1.25000e-08  3.75000e-08  5.00000e-08 
 8.75000e-08  1.00000e-07  0.00000e+00  1.25000e-08  3.75000e-08  5.00000e-08 
 7.50000e-08  8.75000e-08  1.25000e-08  2.50000e-08  3.75000e-08  5.00000e-08 
 8.75000e-08  1.00000e-07  1.25000e-08  2.50000e-08  3.75000e-08  5.00000e-08 
 5.00000e-08  6.25000e-08  2.50000e-08  3.75000e-08  2.50000e-08  3.75000e-08 
 6.25000e-08  7.50000e-08  2.50000e-08  3.75000e-08  2.50000e-08  3.75000e-08 
 5.00000e-08  6.25000e-08  3.75000e-08  5.00000e-08  2.50000e-08  3.75000e-08 
 6.25000e-08  7.50000e-08  3.75000e-08  5.00000e-08  2.50000e-08  3.75000e-08 
 5.00000e-08  6.25000e-08  2.50000e-08  3.75000e-08  3.75000e-08  5.00000e-08 
 6.25000e-08  7.50000e-08  2.50000e-08  3.75000e-08  3.75000e-08  5.00000e-08 
 5.00000e-08  6.25000e-08  3.75000e-08  5.00000e-08  3.75000e-08  5.00000e-08 
 6.25000e-08  7.50000e-08  3.75000e-08  5.00000e-08  3.75000e-08  5.00000e-08 
 7.50000e-08  8.75000e-08  2.50000e-08  3.75000e-08  2.50000e-08  3.75000e-08 
 8.75000e-08  1.00000e-07  2.50000e-08  3.75000e-08  2.50000e-08  3.75000e-08 
 7.50000e-08  8.75000e-08  3.75000e-08  5.00000e-08  2.50000e-08  3.75000e-08 
 8.75000e-08  1.00000e-07  3.75000e-08  5.00000e-08  2.50000e-08  3.75000e-08 
 7.50000e-08  8.75000e-08  2.50000e-08  3.75000e-08  3.75000e-08  5.00000e-08 
 8.75000e-08  1.00000e-07  2.50000e-08  3.75000e-08  3.75000e-08  5.00000e-08 
 7.50000e-08  8.75000e-08  3.75000e-08  5.00000e-08  3.75000e-08  5.00000e-08 
 8.75000e-08  1.00000e-07  3.75000e-08  5.00000e-08  3.75000e-08  5.00000e-08 
 0.00000e+00  1.25000e-08  5.00000e-08  6.25000e-08  0.00000e+00  1.25000e-08 
 1.25000e-08  2.50000e-08  5.00000e-08  6.25000e-08  0.00000e+00  1.25000e-08 
 0.00000e+00  1.25000e-08  6.25000e-08  7.50000e-08  0.00000e+00  1.25000e-08 
 1.25000e-08  2.50000e-08  6.25000e-08  7.50000e-08  0.00000e+00  1.25000e-08 
 0.00000e+00  1.25000e-08  5.00000e-08  6.25000e-08  1.25000e-08  2.50000e-08 
 1.25000e-08  2.50000e-08  5.00000e-08  6.25000e-08  1.25000e-08  2.50000e-08 
 0.00000e+00  1.25000e-08  6.25000e-08  7.50000e-08  1.25000e-08  2.50000e-08 
 1.25000e-08  2.50000e-08  6.25000e-08  7.50000e-08  1.25000e-08  2.50000e-08 
 2.50000e-08  3.75000e-08  5.00000e-08  6.25000e-08  0.00000e+00  1.25000e-08 
 3.75000e-08  5.00000e-08  5.00000e-08  6.25000e-08  0.00000e+00  1.25000e-08 
 2.50000e-08  3.75000e-08  6.25000e-08  7.50000e-08  0.00000e+00  1.25000e-08 
 3.75000e-08  5.00000e-08  6.25000e-08  7.50000e-08  0.00000e+00  1.25000e-08 
 2.50000e-08  3.75000e-08  5.00000e-08  6.25000e-08  1.25000e-08  2.50000e-08 
 3.75000e-08  5.00000e-08  5.00000e-08  6.25000e-08  1.25000e-08  2.50000e-08 
 2.50000e-08  3.75000e-08  6.25000e-08  7.50000e-08  1.25000e-08  2.50000e-08 
 3.75000e-08  5.00000e-08  6.25000e-08  7.50000e-08  1.25000e-08  2.50000e-08 
 0.00000e+00  1.25000e-08  7.50000e-08  8.75000e-08  0.00000e+00  1.25000e-08 
 1.25000e-08  2.50000e-08  7.50000e-08  8.75000e-08  0.00000e+00  1.25000e-08 
 0.00000e+00  1.25000e-08  8.75000e-08  1.00000e-07  0.00000e+00  1.25000e-08 
 1.25000e-08  2.50000e-08  8.75000e-08  1.00000e-07  0.00000e+00  1.25000e-08 
 0.00000e+00  1.25000e-08  7.50000e-08  8.75000e-08  1.25000e-08  2.50000e-08 
 1.25000e-08  2.50000e-08  7.50000e-08  8.75000e-08  1.25000e-08  2.50000e-08 
 0.00000e+00  1.25000e-08  8.75000e-08  1.00000e-07  1.25000e-08  2.50000e-08 
 1.25000e-08  2.50000e-08  8.75000e-08  1.00000e-07  1.25000e-08  2.50000e-08 
 2.50000e-08  3.75000e-08  7.50000e-08  8.75000e-08  0.00000e+00  1.25000e-08 
 3.75000e-08  5.00000e-08  7.50000e-08  8.75000e-08  0.00000e+00  1.25000e-08 
 2.50000e-08  3.75000e-08  8.75000e-08  1.00000e-07  0.00000e+00  1.25000e-08 
 3.75000e-08  5.00000e-08  8.75000e-08  1.00000e-07  0.00000e+00  1.25000e-08 
 2.50000e-08  3.75000e-08  7.50000e-08  8.75000e-08  1.25000e-08  2.50000e-08 
 3.75000e-08  5.00000e-08  7.50000e-08  8.75000e-08  1.25000e-08  2.50000e-08 
 2.50000e-08  3.75000e-08  8.75000e-08  1.00000e-07  1.25000e-08  2.50000e-08 
 3.75000e-08  5.00000e-08  8.75000e-08  1.00000e-07  1.25000e-08  2.50000e-08 
 0.00000e+00  1.25000e-08  5.00000e-08  6.25000e-08  2.50000e-08  3.75000e-08 
 1.25000e-08  2.50000e-08  5.00000e-08  6.25000e-08  2.50000e-08  3.75000e-08 
 0.00000e+00  1.25000e-08  6.25000e-08  7.50000e-08  2.50000e-08  3.75000e-08 
 1.25000e-08  2.50000e-08  6.25000e-08  7.50000e-08  2.50000e-08  3.75000e-08 
 0.00000e+00  1.25000e-08  5.00000e-08  6.25000e-08  3.75000e-08  5.00000e-08 
 1.25000e-08  2.50000e-08  5.00000e-08  6.25000e-08  3.75000e-08  5.00000e-08 
 0.00000e+00  1.25000e-08  6.25000e-08  7.50000e-08  3.75000e-08  5.00000e-08 
 1.25000e-08  2.50000e-08  6.25000e-08  7.50000e-08  3.75000e-08  5.00000e-08 
 2.50000e-08  3.75000e-08  5.00000e-08  6.25000e-08  2.50000e-08  3.75000e-08 
 3.75000e-08  5.00000e-08  5.00000e-08  6.25000e-08  2.50000e-08  3.75000e-08 
 2.50000e-08  3.75000e-08  6.25000e-08  7.50000e-08  2.50000e-08  3.75000e-08 
 3.75000e-08  5.00000e-08  6.25000e-08  7.50000e-08  2.50000e-08  3.75000e-08 
 2.50000e-08  3.75000e-08  5.00000e-08  6.25000e-08  3.75000e-08  5.00000e-08 
 3.75000e-08  5.00000e-08  5.00000e-08  6.25000e-08  3.75000e-08  5.00000e-08 
 2.50000e-08  3.75000e-08  6.25000e-08  7.50000e-08  3.75000e-08  5.00000e-08 
 3.75000e-08  5.00000e-08  6.25000e-08  7.50000e-08  3.75000e-08  5.00000e-08 
 0.00000e+00  1.25000e-08  7.50000e-08  8.75000e-08  2.50000e-08  3.75000e-08 
 1.25000e-08  2.50000e-08  7.50000e-08  8.75000e-08  2.50000e-08  3.75000e-08 
 0.00000e+00  1.25000e-08  8.75000e-08  1.00000e-07  2.50000e-08  3.75000e-08 
 1.25000e-08  2.50000e-08  8.75000e-08  1.00000e-07  2.50000e-08  3.75000e-08 
 0.00000e+00  1.25000e-08  7.50000e-08  8.75000e-08  3.75000e-08  5.00000e-08 
 1.25000e-08  2.50000e-08  7.50000e-08  8.75000e-08  3.75000e-08  5.00000e-08 
 0.00000e+00  1.25000e-08  8.75000e-08  1.00000e-07  3.75000e-08  5.00000e-08 
 1.25000e-08  2.50000e-08  8.75000e-08  1.00000e-07  3.75000e-08  5.00000e-08 
 2.50000e-08  3.75000e-08  7.50000e-08  8.75000e-08  2.50000e-08  3.75000e-08 
 3.75000e-08  5.00000e-08  7.50000e-08  8.75000e-08  2.50000e-08  3.75000e-08 
 2.50000e-08  3.75000e-08  8.75000e-08  1.00000e-07  2.50000e-08  3.75000e-08 
 3.75000e-08  5.00000e-08  8.75000e-08  1.00000e-07  2.50000e-08  3.75000e-08 
 2.50000e-08  3.75000e-08  7.50000e-08  8.75000e-08  3.75000e-08  5.00000e-08 
 3.75000e-08  5.00000e-08  7.50000e-08  8.75000e-08  3.75000e-08  5.00000e-08 
 2.50000e-08  3.75000e-08  8.75000e-08  1.00000e-07  3.75000e-08  5.00000e-08 
 3.75000e-08  5.00000e-08  8.75000e-08  1.00000e-07  3.75000e-08  5.00000e-08 
 5.00000e-08  6.25000e-08  5.00000e-08  6.25000e-08  0.00000e+00  1.25000e-08 
 6.25000e-08  7.50000e-08  5.00000e-08  6.25000e-08  0.00000e+00  1.25000e-08 
 5.00000e-08  6.25000e-08  6.25000e-08  7.50000e-08  0.00000e+00  1.25000e-08 
 6.25000e-08  7.50000e-08  6.25000e-08  7.50000e-08  0.00000e+00  1.25000e-08 
 5.00000e-08  6.25000e-08  5.00000e-08  6.25000e-08  1.25000e-08  2.50000e-08 
 6.25000e-08  7.50000e-08  5.00000e-08  6.25000e-08  1.25000e-08  2.50000e-08 
 5.00000e-08  6.25000e-08  6.25000e-08  7.50000e-08  1.25000e-08  2.50000e-08 
 6.25000e-08  7.50000e-08  6.25000e-08  7.50000e-08  1.25000e-08  2.50000e-08 
 7.50000e-08  8.75000e-08  5.00000e-08  6.25000e-08  0.00000e+00  1.25000e-08 
 8.75000e-08  1.00000e-07  5.00000e-08  6.25000e-08  0.00000e+00  1.25000e-08 
 7.50000e-08  8.75000e-08  6.25000e-08  7.50000e-08  0.00000e+00  1.25000e-08 
 8.75000e-08  1.00000e-07  6.25000e-08  7.50000e-08  0.00000e+00  1.25000e-08 
 7.50000e-08  8.75000e-08  5.00000e-08  6.25000e-08  1.25000e-08  2.50000e-08 
 8.75000e-08  1.00000e-07  5.00000e-08  6.25000e-08  1.25000e-08  2.50000e-08 
 7.50000e-08  8.75000e-08  6.25000e-08  7.50000e-08  1.25000e-08  2.50000e-08 
 8.75000e-08  1.00000e-07  6.25000e-08  7.50000e-08  1.25000e-08  2.50000e-08 
 5.00000e-08  6.25000e-08  7.50000e-08  8.75000e-08  0.00000e+00  1.25000e-08 
 6.25000e-08  7.50000e-08  7.50000e-08  8.75000e-08  0.00000e+00  1.25000e-08 
 5.00000e-08  6.25000e-08  8.75000e-08  1.00000e-07  0.00000e+00  1.25000e-08 
 6.25000e-08  7.50000e-08  8.75000e-08  1.00000e-07  0.00000e+00  1.25000e-08 
 5.00000e-08  6.25000e-08  7.50000e-08  8.75000e-08  1.25000e-08  2.50000e-08 
 6.25000e-08  7.50000e-08  7.50000e-08  8.75000e-08  1.25000e-08  2.50000e-08 
 5.00000e-08  6.25000e-08  8.75000e-08  1.00000e-07  1.25000e-08  2.50000e-08 
 6.25000e-08  7.50000e-08  8.75000e-08  1.00000e-07  1.25000e-08  2.50000e-08 
 7.50000e-08  8.75000e-08  7.50000e-08  8.75000e-08  0.00000e+00  1.25000e-08 
 8.75000e-08  1.00000e-07  7.50000e-08  8.75000e-08  0.00000e+00  1.25000e-08 
 7.50000e-08  8.75000e-08  8.75000e-08  1.00000e-07  0.00000e+00  1.25000e-08 
 8.75000e-08  1.00000e-07  8.75000e-08  1.00000e-07  0.00000e+00  1.25000e-08 
 7.50000e-08  8.75000e-08  7.50000e-08  8.75000e-08  1.25000e-08  2.50000e-08 
 8.75000e-08  1.00000e-07  7.50000e-08  8.75000e-08  1.25000e-08  2.50000e-08 
 7.50000e-08  8.75000e-08  8.75000e-08  1.00000e-07  1.25000e-08  2.50000e-08 
 8.75000e-08  1.00000e-07  8.75000e-08  1.00000e-07  1.25000e-08  2.50000e-08 
 5.00000e-08  6.25000e-08  5.00000e-08  6.25000e-08  2.50000e-08  3.75000e-08 
 6.25000e-08  7.50000e-08  5.00000e-08  6.25000e-08  2.50000e-08  3.75000e-08 
 5.00000e-08  6.25000e-08  6.25000e-08  7.50000e-08  2.50000e-08  3.75000e-08 
 6.25000e-08  7.50000e-08  6.25000e-08  7.50000e-08  2.50000e-08  3.75000e-08 
 5.00000e-08  6.25000e-08  5.00000e-08  6.25000e-08  3.75000e-08  5.00000e-08 
 6.25000e-08  7.50000e-08  5.00000e-08  6.25000e-08  3.75000e-08  5.00000e-08 
 5.00000e-08  6.25000e-08  6.25000e-08  7.50000e-08  3.75000e-08  5.00000e-08 
 6.25000e-08  7.50000e-08  6.25000e-08  7.50000e-08  3.75000e-08  5.00000e-08 
 7.50000e-08  8.75000e-08  5.00000e-08  6.25000e-08  2.50000e-08  3.75000e-08 
 8.75000e-08  1.00000e-07  5.00000e-08  6.25000e-08  2.50000e-08  3.75000e-08 
 7.50000e-08  8.75000e-08  6.25000e-08  7.50000e-08  2.50000e-08  3.75000e-08 
 8.75000e-08  1.00000e-07  6.25000e-08  7.50000e-08  2.50000e-08  3.75000e-08 
 7.50000e-08  8.75000e-08  5.00000e-08  6.25000e-08  3.75000e-08  5.00000e-08 
 8.75000e-08  1.00000e-07  5.00000e-08  6.25000e-08  3.75000e-08  5.00000e-08 
 7.50000e-08  8.75000e-08  6.25000e-08  7.50000e-08  3.75000e-08  5.00000e-08 
 8.75000e-08  1.00000e-07  6.25000e-08  7.50000e-08  3.75000e-08  5.00000e-08 
 5.00000e-08  6.25000e-08  7.50000e-08  8.75000e-08  2.50000e-08  3.75000e-08 
 6.25000e-08  7.50000e-08  7.50000e-08  8.75000e-08  2.50000e-08  3.75000e-08 
 5.00000e-08  6.25000e-08  8.75000e-08  1.00000e-07  2.50000e-08  3.75000e-08 
 6.25000e-08  7.50000e-08  8.75000e-08  1.00000e-07  2.50000e-08  3.75000e-08 
 5.00000e-08  6.25000e-08  7.50000e-08  8.75000e-08  3.75000e-08  5.00000e-08 
 6.25000e-08  7.50000e-08  7.50000e-08  8.75000e-08  3.75000e-08  5.00000e-08 
 5.00000e-08  6.25000e-08  8.75000e-08  1.00000e-07  3.75000e-08  5.00000e-08 
 6.25000e-08  7.50000e-08  8.75000e-08  1.00000e-07  3.75000e-08  5.00000e-08 
 7.50000e-08  8.75000e-08  7.50000e-08  8.75000e-08  2.50000e-08  3.75000e-08 
 8.75000e-08  1.00000e-07  7.50000e-08  8.75000e-08  2.50000e-08  3.75000e-08 
 7.50000e-08  8.75000e-08  8.75000e-08  1.00000e-07  2.50000e-08  3.75000e-08 
 8.75000e-08  1.00000e-07  8.75000e-08  1.00000e-07  2.50000e-08  3.75000e-08 
 7.50000e-08  8.75000e-08  7.50000e-08  8.75000e-08  3.75000e-08  5.00000e-08 
 8.75000e-08  1.00000e-07  7.50000e-08  8.75000e-08  3.75000e-08  5.00000e-08 
 7.50000e-08  8.75000e-08  8.75000e-08  1.00000e-07  3.75000e-08  5.00000e-08 
 8.75000e-08  1.00000e-07  8.75000e-08  1.00000e-07  3.75000e-08  5.00000e-08 
 0.00000e+00  1.25000e-08  0.00000e+00  1.25000e-08  5.00000e-08  6.25000e-08 
 1.25000e-08  2.50000e-08  0.00000e+00  1.25000e-08  5.00000e-08  6.25000e-08 
 0.00000e+00  1.25000e-08  1.25000e-08  2.50000e-08  5.00000e-08  6.25000e-08 
 1.25000e-08  2.50000e-08  1.25000e-08  2.50000e-08  5.00000e-08  6.25000e-08 
 0.00000e+00  1.25000e-08  0.00000e+00  1.25000e-08  6.25000e-08  7.50000e-08 
 1.25000e-08  2.50000e-08  0.00000e+00  1.25000e-08  6.25000e-08  7.50000e-08 
 0.00000e+00  1.25000e-08  1.25000e-08  2.50000e-08  6.25000e-08  7.50000e-08 
 1.25000e-08  2.50000e-08  1.25000e-08  2.50000e-08  6.25000e-08  7.50000e-08 
 2.50000e-08  3.75000e-08  0.00000e+00  1.25000e-08  5.00000e-08  6.25000e-08 
 3.75000e-08  5.00000e-08  0.00000e+00  1.25000e-08  5.00000e-08  6.25000e-08 
 2.50000e-08  3.75000e-08  1.25000e-08  2.50000e-08  5.00000e-08  6.25000e-08 
 3.75000e-08  5.00000e-08  1.25000e-08  2.50000e-08  5.00000e-08  6.25000e-08 
 2.50000e-08  3.75000e-08  0.00000e+00  1.25000e-08  6.25000e-08  7.50000e-08 
 3.75000e-08  5.00000e-08  0.00000e+00  1.25000e-08  6.25000e-08  7.50000e-08 
 2.50000e-08  3.75000e-08  1.25000e-08  2.50000e-08  6.25000e-08  7.50000e-08 
 3.75000e-08  5.00000e-08  1.25000e-08  2.50000e-08  6.25000e-08  7.50000e-08 
 0.00000e+00  1.25000e-08  2.50000e-08  3.75000e-08  5.00000e-08  6.25000e-08 
 1.25000e-08  2.50000e-08  2.50000e-08  3.75000e-08  5.00000e-08  6.25000e-08 
 0.00000e+00  1.25000e-08  3.75000e-08  5.00000e-08  5.00000e-08  6.25000e-08 
 1.25000e-08  2.50000e-08  3.75000e-08  5.00000e-08  5.00000e-08  6.25000e-08 
 0.00000e+00  1.25000e-08  2.50000e-08  3.75000e-08  6.25000e-08  7.50000e-08 
 1.25000e-08  2.50000e-08  2.50000e-08  3.75000e-08  6.25000e-08  7.50000e-08 
 0.00000e+00  1.25000e-08  3.75000e-08  5.00000e-08  6.25000e-08  7.50000e-08 
 1.25000e-08  2.50000e-08  3.75000e-08  5.00000e-08  6.25000e-08  7.50000e-08 
 2.50000e-08  3.75000e-08  2.50000e-08  3.75000e-08  5.00000e-08  6.25000e-08 
 3.75000e-08  5.00000e-08  2.50000e-08  3.75000e-08  5.00000e-08  6.25000e-08 
 2.50000e-08  3.75000e-08  3.75000e-08  5.00000e-08  5.00000e-08  6.25000e-08 
 3.75000e-08  5.00000e-08  3.75000e-08  5.00000e-08  5.00000e-08  6.25000e-08 
 2.50000e-08  3.75000e-08  2.50000e-08  3.75000e-08  6.25000e-08  7.50000e-08 
 3.75000e-08  5.00000e-08  2.50000e-08  3.75000e-08  6.25000e-08  7.50000e-08 
 2.50000e-08  3.75000e-08  3.75000e-08  5.00000e-08  6.25000e-08  7.50000e-08 
 3.75000e-08  5.00000e-08  3.75000e-08  5.00000e-08  6.25000e-08  7.50000e-08 
 0.00000e+00  1.25000e-08  0.00000e+00  1.25000e-08  7.50000e-08  8.75000e-08 
 1.25000e-08  2.50000e-08  0.00000e+00  1.25000e-08  7.50000e-08  8.75000e-08 
 0.00000e+00  1.25000e-08  1.25000e-08  2.50000e-08  7.50000e-08  8.75000e-08 
 1.25000e-08  2.50000e-08  1.25000e-08  2.50000e-08  7.50000e-08  8.75000e-08 
 0.00000e+00  1.25000e-08  0.00000e+00  1.25000e-08  8.75000e-08  1.00000e-07 
 1.25000e-08  2.50000e-08  0.00000e+00  1.25000e-08  8.75000e-08  1.00000e-07 
 0.00000e+00  1.25000e-08  1.25000e-08  2.50000e-08  8.75000e-08  1.00000e-07 
 1.25000e-08  2.50000e-08  1.25000e-08  2.50000e-08  8.75000e-08  1.00000e-07 
 2.50000e-08  3.75000e-08  0.00000e+00  1.25000e-08  7.50000e-08  8.75000e-08 
 3.75000e-08  5.00000e-08  0.00000e+00  1.25000e-08  7.50000e-08  8.75000e-08 
 2.50000e-08  3.75000e-08  1.25000e-08  2.50000e-08  7.50000e-08  8.75000e-08 
 3.75000e-08  5.00000e-08  1.25000e-08  2.50000e-08  7.50000e-08  8.75000e-08 
 2.50000e-08  3.75000e-08  0.00000e+00  1.25000e-08  8.75000e-08  1.00000e-07 
 3.75000e-08  5.00000e-08  0.00000e+00  1.25000e-08  8.75000e-08  1.00000e-07 
 2.50000e-08  3.75000e-08  1.25000e-08  2.50000e-08  8.75000e-08  1.00000e-07 
 3.75000e-08  5.00000e-08  1.25000e-08  2.50000e-08  8.75000e-08  1.00000e-07 
 0.00000e+00  1.25000e-08  2.50000e-08  3.75000e-08  7.50000e-08  8.75000e-08 
 1.25000e-08  2.50000e-08  2.50000e-08  3.75000e-08  7.50000e-08  8.75000e-08 
 0.00000e+00  1.25000e-08  3.75000e-08  5.00000e-08  7.50000e-08  8.75000e-08 
 1.25000e-08  2.50000e-08  3.75000e-08  5.00000e-08  7.50000e-08  8.75000e-08 
 0.00000e+00  1.25000e-08  2.50000e-08  3.75000e-08  8.75000e-08  1.00000e-07 
 1.25000e-08  2.50000e-08  2.50000e-08  3.75000e-08  8.75000e-08  1.00000e-07 
 0.00000e+00  1.25000e-08  3.75000e-08  5.00000e-08  8.75000e-08  1.00000e-07 
 1.25000e-08  2.50000e-08  3.75000e-08  5.00000e-08  8.75000e-08  1.00000e-07 
 2.50000e-08  3.75000e-08  2.50000e-08  3.75000e-08  7.50000e-08  8.75000e-08 
 3.75000e-08  5.00000e-08  2.50000e-08  3.75000e-08  7.50000e-08  8.75000e-08 
 2.50000e-08  3.75000e-08  3.75000e-08  5.00000e-08  7.50000e-08  8.75000e-08 
 3.75000e-08  5.00000e-08  3.75000e-08  5.00000e-08  7.50000e-08  8.75000e-08 
 2.50000e-08  3.75000e-08  2.50000e-08  3.75000e-08  8.75000e-08  1.00000e-07 
 3.75000e-08  5.00000e-08  2.50000e-08  3.75000e-08  8.75000e-08  1.00000e-07 
 2.50000e-08  3.75000e-08  3.75000e-08  5.00000e-08  8.75000e-08  1.00000e-07 
 3.75000e-08  5.00000e-08  3.75000e-08  5.00000e-08  8.75000e-08  1.00000e-07 
 5.00000e-08  6.25000e-08  0.00000e+00  1.25000e-08  5.00000e-08  6.25000e-08 
 6.25000e-08  7.50000e-08  0.00000e+00  1.25000e-08  5.00000e-08  6.25000e-08 
 5.00000e-08  6.25000e-08  1.25000e-08  2.50000e-08  5.00000e-08  6.25000e-08 
 6.25000e-08  7.50000e-08  1.25000e-08  2.50000e-08  5.00000e-08  6.25000e-08 
 5.00000e-08  6.25000e-08  0.00000e+00  1.25000e-08  6.25000e-08  7.50000e-08 
 6.25000e-08  7.50000e-08  0.00000e+00  1.25000e-08  6.25000e-08  7.50000e-08 
 5.00000e-08  6.25000e-08  1.25000e-08  2.50000e-08  6.25000e-08  7.50000e-08 
 6.25000e-08  7.50000e-08  1.25000e-08  2.50000e-08  6.25000e-08  7.50000e-08 
 7.50000e-08  8.75000e-08  0.00000e+00  1.25000e-08  5.00000e-08  6.25000e-08 
 8.75000e-08  1.00000e-07  0.00000e+00  1.25000e-08  5.00000e-08  6.25000e-08 
 7.50000e-08  8.75000e-08  1.25000e-08  2.50000e-08  5.00000e-08  6.25000e-08 
 8.75000e-08  1.00000e-07  1.25000e-08  2.50000e-08  5.00000e-08  6.25000e-08 
 7.50000e-08  8.75000e-08  0.00000e+00  1.25000e-08  6.25000e-08  7.50000e-08 
 8.75000e-08  1.00000e-07  0.00000e+00  1.25000e-08  6.25000e-08  7.50000e-08 
 7.50000e-08  8.75000e-08  1.25000e-08  2.50000e-08  6.25000e-08  7.50000e-08 
 8.75000e-08  1.00000e-07  1.25000e-08  2.50000e-08  6.25000e-08  7.50000e-08 
 5.00000e-08  6.25000e-08  2.50000e-08  3.75000e-08  5.00000e-08  6.25000e-08 
 6.25000e-08  7.50000e-08  2.50000e-08  3.75000e-08  5.00000e-08  6.25000e-08 
 5.00000e-08  6.25000e-08  3.75000e-08  5.00000e-08  5.00000e-08  6.25000e-08 
 6.25000e-08  7.50000e-08  3.75000e-08  5.00000e-08  5.00000e-08  6.25000e-08 
 5.00000e-08  6.25000e-08  2.50000e-08  3.75000e-08  6.25000e-08  7.50000e-08 
 6.25000e-08  7.50000e-08  2.50000e-08  3.75000e-08  6.25000e-08  7.50000e-08 
 5.00000e-08  6.25000e-08  3.75000e-08  5.00000e-08  6.25000e-08  7.50000e-08 
 6.25000e-08  7.50000e-08  3.75000e-08  5.00000e-08  6.25000e-08  7.50000e-08 
 7.50000e-08  8.75000e-08  2.50000e-08  3.75000e-08  5.00000e-08  6.25000e-08 
 8.75000e-08  1.00000e-07  2.50000e-08  3.75000e-08  5.00000e-08  6.25000e-08 
 7.50000e-08  8.75000e-08  3.75000e-08  5.00000e-08  5.00000e-08  6.25000e-08 
 8.75000e-08  1.00000e-07  3.75000e-08  5.00000e-08  5.00000e-08  6.25000e-08 
 7.50000e-08  8.75000e-08  2.50000e-08  3.75000e-08  6.25000e-08  7.50000e-08 
 8.75000e-08  1.00000e-07  2.50000e-08  3.75000e-08  6.25000e-08  7.50000e-08 
 7.50000e-08  8.75000e-08  3.75000e-08  5.00000e-08  6.25000e-08  7.50000e-08 
 8.75000e-08  1.00000e-07  3.75000e-08  5.00000e-08  6.25000e-08  7.50000e-08 
 5.00000e-08  6.25000e-08  0.00000e+00  1.25000e-08  7.50000e-08  8.75000e-08 
 6.25000e-08  7.50000e-08  0.00000e+00  1.25000e-08  7.50000e-08  8.75000e-08 
 5.00000e-08  6.25000e-08  1.25000e-08  2.50000e-08  7.50000e-08  8.75000e-08 
 6.25000e-08  7.50000e-08  1.25000e-08  2.50000e-08  7.50000e-08  8.75000e-08 
 5.00000e-08  6.25000e-08  0.00000e+00  1.25000e-08  8.75000e-08  1.00000e-07 
 6.25000e-08  7.50000e-08  0.00000e+00  1.25000e-08  8.75000e-08  1.00000e-07 
 5.00000e-08  6.25000e-08  1.25000e-08  2.50000e-08  8.75000e-08  1.00000e-07 
 6.25000e-08  7.50000e-08  1.25000e-08  2.50000e-08  8.75000e-08  1.00000e-07 
 7.50000e-08  8.75000e-08  0.00000e+00  1.25000e-08  7.50000e-08  8.75000e-08 
 8.75000e-08  1.00000e-07  0.00000e+00  1.25000e-08  7.50000e-08  8.75000e-08 
 7.50000e-08  8.75000e-08  1.25000e-08  2.50000e-08  7.50000e-08  8.75000e-08 
 8.75000e-08  1.00000e-07  1.25000e-08  2.50000e-08  7.50000e-08  8.75000e-08 
 7.50000e-08  8.75000e-08  0.00000e+00  1.25000e-08  8.75000e-08  1.00000e-07 
 8.75000e-08  1.00000e-07  0.00000e+00  1.25000e-08  8.75000e-08  1.00000e-07 
 7.50000e-08  8.75000e-08  1.25000e-08  2.50000e-08  8.75000e-08  1.00000e-07 
 8.75000e-08  1.00000e-07  1.25000e-08  2.50000e-08  8.75000e-08  1.00000e-07 
 5.00000e-08  6.25000e-08  2.50000e-08  3.75000e-08  7.50000e-08  8.75000e-08 
 6.25000e-08  7.50000e-08  2.50000e-08  3.75000e-08  7.50000e-08  8.75000e-08 
 5.00000e-08  6.25000e-08  3.75000e-08  5.00000e-08  7.50000e-08  8.75000e-08 
 6.25000e-08  7.50000e-08  3.75000e-08  5.00000e-08  7.50000e-08  8.75000e-08 
 5.00000e-08  6.25000e-08  2.50000e-08  3.75000e-08  8.75000e-08  1.00000e-07 
 6.25000e-08  7.50000e-08  2.50000e-08  3.75000e-08  8.75000e-08  1.00000e-07 
 5.00000e-08  6.25000e-08  3.75000e-08  5.00000e-08  8.75000e-08  1.00000e-07 
 6.25000e-08  7.50000e-08  3.75000e-08  5.00000e-08  8.75000e-08  1.00000e-07 
 7.50000e-08  8.75000e-08  2.50000e-08  3.75000e-08  7.50000e-08  8.75000e-08 
 8.75000e-08  1.00000e-07  2.50000e-08  3.75000e-08  7.50000e-08  8.75000e-08 
 7.50000e-08  8.75000e-08  3.75000e-08  5.00000e-08  7.50000e-08  8.75000e-08 
 8.75000e-08  1.00000e-07  3.75000e-08  5.00000e-08  7.50000e-08  8.75000e-08 
 7.50000e-08  8.75000e-08  2.50000e-08  3.75000e-08  8.75000e-08  1.00000e-07 
 8.75000e-08  1.00000e-07  2.50000e-08  3.75000e-08  8.75000e-08  1.00000e-07 
 7.50000e-08  8.75000e-08  3.75000e-08  5.00000e-08  8.75000e-08  1.00000e-07 
 8.75000e-08  1.00000e-07  3.75000e-08  5.00000e-08  8.75000e-08  1.00000e-07 
 0.00000e+00  1.25000e-08  5.00000e-08  6.25000e-08  5.00000e-08  6.25000e-08 
 1.25000e-08  2.50000e-08  5.00000e-08  6.25000e-08  5.00000e-08  6.25000e-08 
 0.00000e+00  1.25000e-08  6.25000e-08  7.50000e-08  5.00000e-08  6.25000e-08 
 1.25000e-08  2.50000e-08  6.25000e-08  7.50000e-08  5.00000e-08  6.25000e-08 
 0.00000e+00  1.25000e-08  5.00000e-08  6.25000e-08  6.25000e-08  7.50000e-08 
 1.25000e-08  2.50000e-08  5.00000e-08  6.25000e-08  6.25000e-08  7.50000e-08 
 0.00000e+00  1.25000e-08  6.25000e-08  7.50000e-08  6.25000e-08  7.50000e-08 
 1.25000e-08  2.50000e-08  6.25000e-08  7.50000e-08  6.25000e-08  7.50000e-08 
 2.50000e-08  3.75000e-08  5.00000e-08  6.25000e-08  5.00000e-08  6.25000e-08 
 3.75000e-08  5.00000e-08  5.00000e-08  6.25000e-08  5.00000e-08  6.25000e-08 
 2.50000e-08  3.75000e-08  6.25000e-08  7.50000e-08  5.00000e-08  6.25000e-08 
 3.75000e-08  5.00000e-08  6.25000e-08  7.50000e-08  5.00000e-08  6.25000e-08 
 2.50000e-08  3.75000e-08  5.00000e-08  6.25000e-08  6.25000e-08  7.50000e-08 
 3.75000e-08  5.00000e-08  5.00000e-08  6.25000e-08  6.25000e-08  7.50000e-08 
 2.50000e-08  3.75000e-08  6.25000e-08  7.50000e-08  6.25000e-08  7.50000e-08 
 3.75000e-08  5.00000e-08  6.25000e-08  7.50000e-08  6.25000e-08  7.50000e-08 
 0.00000e+00  1.25000e-08  7.50000e-08  8.75000e-08  5.00000e-08  6.25000e-08 
 1.25000e-08  2.50000e-08  7.50000e-08  8.75000e-08  5.00000e-08  6.25000e-08 
 0.00000e+00  1.25000e-08  8.75000e-08  1.00000e-07  5.00000e-08  6.25000e-08 
 1.25000e-08  2.50000e-08  8.75000e-08  1.00000e-07  5.00000e-08  6.25000e-08 
 0.00000e+00  1.25000e-08  7.50000e-08  8.75000e-08  6.25000e-08  7.50000e-08 
 1.25000e-08  2.50000e-08  7.50000e-08  8.75000e-08  6.25000e-08  7.50000e-08 
 0.00000e+00  1.25000e-08  8.75000e-08  1.00000e-07  6.25000e-08  7.50000e-08 
 1.25000e-08  2.50000e-08  8.75000e-08  1.00000e-07  6.25000e-08  7.50000e-08 
 2.50000e-08  3.75000e-08  7.50000e-08  8.75000e-08  5.00000e-08  6.25000e-08 
 3.75000e-08  5.00000e-08  7.50000e-08  8.75000e-08  5.00000e-08  6.25000e-08 
 2.50000e-08  3.75000e-08  8.75000e-08  1.00000e-07  5.00000e-08  6.25000e-08 
 3.75000e-08  5.00000e-08  8.75000e-08  1.00000e-07  5.00000e-08  6.25000e-08 
 2.50000e-08  3.75000e-08  7.50000e-08  8.75000e-08  6.25000e-08  7.50000e-08 
 3.75000e-08  5.00000e-08  7.50000e-08  8.75000e-08  6.25000e-08  7.50000e-08 
 2.50000e-08  3.75000e-08  8.75000e-08  1.00000e-07  6.25000e-08  7.50000e-08 
 3.75000e-08  5.00000e-08  8.75000e-08  1.00000e-07  6.25000e-08  7.50000e-08 
 0.00000e+00  1.25000e-08  5.00000e-08  6.25000e-08  7.50000e-08  8.75000e-08 
 1.25000e-08  2.50000e-08  5.00000e-08  6.25000e-08  7.50000e-08  8.75000e-08 
 0.00000e+00  1.25000e-08  6.25000e-08  7.50000e-08  7.50000e-08  8.75000e-08 
 1.25000e-08  2.50000e-08  6.25000e-08  7.50000e-08  7.50000e-08  8.75000e-08 
 0.00000e+00  1.25000e-08  5.00000e-08  6.25000e-08  8.75000e-08  1.00000e-07 
 1.25000e-08  2.50000e-08  5.00000e-08  6.25000e-08  8.75000e-08  1.00000e-07 
 0.00000e+00  1.25000e-08  6.25000e-08  7.50000e-08  8.75000e-08  1.00000e-07 
 1.25000e-08  2.50000e-08  6.25000e-08  7.50000e-08  8.75000e-08  1.00000e-07 
 2.50000e-08  3.75000e-08  5.00000e-08  6.25000e-08  7.50000e-08  8.75000e-08 
 3.75000e-08  5.00000e-08  5.00000e-08  6.25000e-08  7.50000e-08  8.75000e-08 
 2.50000e-08  3.75000e-08  6.25000e-08  7.50000e-08  7.50000e-08  8.75000e-08 
 3.75000e-08  5.00000e-08  6.25000e-08  7.50000e-08  7.50000e-08  8.75000e-08 
 2.50000e-08  3.75000e-08  5.00000e-08  6.25000e-08  8.75000e-08  1.00000e-07 
 3.75000e-08  5.00000e-08  5.00000e-08  6.25000e-08  8.75000e-08  1.00000e-07 
 2.50000e-08  3.75000e-08  6.25000e-08  7.50000e-08  8.75000e-08  1.00000e-07 
 3.75000e-08  5.00000e-08  6.25000e-08  7.50000e-08  8.75000e-08  1.00000e-07 
 0.00000e+00  1.25000e-08  7.50000e-08  8.75000e-08  7.50000e-08  8.75000e-08 
 1.25000e-08  2.50000e-08  7.50000e-08  8.75000e-08  7.50000e-08  8.75000e-08 
 0.00000e+00  1.25000e-08  8.75000e-08  1.00000e-07  7.50000e-08  8.75000e-08 
 1.25000e-08  2.50000e-08  8.75000e-08  1.00000e-07  7.50000e-08  8.75000e-08 
 0.00000e+00  1.25000e-08  7.50000e-08  8.75000e-08  8.75000e-08  1.00000e-07 
 1.25000e-08  2.50000e-08  7.50000e-08  8.75000e-08  8.75000e-08  1.00000e-07 
 0.00000e+00  1.25000e-08  8.75000e-08  1.00000e-07  8.75000e-08  1.00000e-07 
 1.25000e-08  2.50000e-08  8.75000e-08  1.00000e-07  8.75000e-08  1.00000e-07 
 2.50000e-08  3.75000e-08  7.50000e-08  8.75000e-08  7.50000e-08  8.75000e-08 
 3.75000e-08  5.00000e-08  7.50000e-08  8.75000e-08  7.50000e-08  8.75000e-08 
 2.50000e-08  3.75000e-08  8.75000e-08  1.00000e-07  7.50000e-08  8.75000e-08 
 3.75000e-08  5.00000e-08  8.75000e-08  1.00000e-07  7.50000e-08  8.75000e-08 
 2.50000e-08  3.75000e-08  7.50000e-08  8.75000e-08  8.75000e-08  1.00000e-07 
 3.75000e-08  5.00000e-08  7.50000e-08  8.75000e-08  8.75000e-08  1.00000e-07 
 2.50000e-08  3.75000e-08  8.75000e-08  1.00000e-07  8.75000e-08  1.00000e-07 
 3.75000e-08  5.00000e-08  8.75000e-08  1.00000e-07  8.75000e-08  1.00000e-07 
 5.00000e-08  6.25000e-08  5.00000e-08  6.25000e-08  5.00000e-08  6.25000e-08 
 6.25000e-08  7.50000e-08  5.00000e-08  6.25000e-08  5.00000e-08  6.25000e-08 
 5.00000e-08  6.25000e-08  6.25000e-08  7.50000e-08  5.00000e-08  6.25000e-08 
 6.25000e-08  7.50000e-08  6.25000e-08  7.50000e-08  5.00000e-08  6.25000e-08 
 5.00000e-08  6.25000e-08  5.00000e-08  6.25000e-08  6.25000e-08  7.50000e-08 
 6.25000e-08  7.50000e-08  5.00000e-08  6.25000e-08  6.25000e-08  7.50000e-08 
 5.00000e-08  6.25000e-08  6.25000e-08  7.50000e-08  6.25000e-08  7.50000e-08 
 6.25000e-08  7.50000e-08  6.25000e-08  7.50000e-08  6.25000e-08  7.50000e-08 
 7.50000e-08  8.75000e-08  5.00000e-08  6.25000e-08  5.00000e-08  6.25000e-08 
 8.75000e-08  1.00000e-07  5.00000e-08  6.25000e-08  5.00000e-08  6.25000e-08 
 7.50000e-08  8.75000e-08  6.25000e-08  7.50000e-08  5.00000e-08  6.25000e-08 
 8.75000e-08  1.00000e-07  6.25000e-08  7.50000e-08  5.00000e-08  6.25000e-08 
 7.50000e-08  8.75000e-08  5.00000e-08  6.25000e-08  6.25000e-08  7.50000e-08 
 8.75000e-08  1.00000e-07  5.00000e-08  6.25000e-08  6.25000e-08  7.50000e-08 
 7.50000e-08  8.75000e-08  6.25000e-08  7.50000e-08  6.25000e-08  7.50000e-08 
 8.75000e-08  1.00000e-07  6.25000e-08  7.50000e-08  6.25000e-08  7.50000e-08 
 5.00000e-08  6.25000e-08  7.50000e-08  8.75000e-08  5.00000e-08  6.25000e-08 
 6.25000e-08  7.50000e-08  7.50000e-08  8.75000e-08  5.00000e-08  6.25000e-08 
 5.00000e-08  6.25000e-08  8.75000e-08  1.00000e-07  5.00000e-08  6.25000e-08 
 6.25000e-08  7.50000e-08  8.75000e-08  1.00000e-07  5.00000e-08  6.25000e-08 
 5.00000e-08  6.25000e-08  7.50000e-08  8.75000e-08  6.25000e-08  7.50000e-08 
 6.25000e-08  7.50000e-08  7.50000e-08  8.75000e-08  6.25000e-08  7.50000e-08 
 5.00000e-08  6.25000e-08  8.75000e-08  1.00000e-07  6.25000e-08  7.50000e-08 
 6.25000e-08  7.50000e-08  8.75000e-08  1.00000e-07  6.25000e-08  7.50000e-08 
 7.50000e-08  8.75000e-08  7.50000e-08  8.75000e-08  5.00000e-08  6.25000e-08 
 8.75000e-08  1.00000e-07  7.50000e-08  8.75000e-08  5.00000e-08  6.25000e-08 
 7.50000e-08  8.75000e-08  8.75000e-08  1.00000e-07  5.00000e-08  6.25000e-08 
 8.75000e-08  1.00000e-07  8.75000e-08  1.00000e-07  5.00000e-08  6.25000e-08 
 7.50000e-08  8.75000e-08  7.50000e-08  8.75000e-08  6.25000e-08  7.50000e-08 
 8.75000e-08  1.00000e-07  7.50000e-08  8.75000e-08  6.25000e-08  7.50000e-08 
 7.50000e-08  8.75000e-08  8.75000e-08  1.00000e-07  6.25000e-08  7.50000e-08 
 8.75000e-08  1.00000e-07  8.75000e-08  1.00000e-07  6.25000e-08  7.50000e-08 
 5.00000e-08  6.25000e-08  5.00000e-08  6.25000e-08  7.50000e-08  8.75000e-08 
 6.25000e-08  7.50000e-08  5.00000e-08  6.25000e-08  7.50000e-08  8.75000e-08 
 5.00000e-08  6.25000e-08  6.25000e-08  7.50000e-08  7.50000e-08  8.75000e-08 
 6.25000e-08  7.50000e-08  6.25000e-08  7.50000e-08  7.50000e-08  8.75000e-08 
 5.00000e-08  6.25000e-08  5.00000e-08  6.25000e-08  8.75000e-08  1.00000e-07 
 6.25000e-08  7.50000e-08  5.00000e-08  6.25000e-08  8.75000e-08  1.00000e-07 
 5.00000e-08  6.25000e-08  6.25000e-08  7.50000e-08  8.75000e-08  1.00000e-07 
 6.25000e-08  7.50000e-08  6.25000e-08  7.50000e-08  8.75000e-08  1.00000e-07 
 7.50000e-08  8.75000e-08  5.00000e-08  6.25000e-08  7.50000e-08  8.75000e-08 
 8.75000e-08  1.00000e-07  5.00000e-08  6.25000e-08  7.50000e-08  8.75000e-08 
 7.50000e-08  8.75000e-08  6.25000e-08  7.50000e-08  7.50000e-08  8.75000e-08 
 8.75000e-08  1.00000e-07  6.25000e-08  7.50000e-08  7.50000e-08  8.75000e-08 
 7.50000e-08  8.75000e-08  5.00000e-08  6.25000e-08  8.75000e-08  1.00000e-07 
 8.75000e-08  1.00000e-07  5.00000e-08  6.25000e-08  8.75000e-08  1.00000e-07 
 7.50000e-08  8.75000e-08  6.25000e-08  7.50000e-08  8.75000e-08  1.00000e-07 
 8.75000e-08  1.00000e-07  6.25000e-08  7.50000e-08  8.75000e-08  1.00000e-07 
 5.00000e-08  6.25000e-08  7.50000e-08  8.75000e-08  7.50000e-08  8.75000e-08 
 6.25000e-08  7.50000e-08  7.50000e-08  8.75000e-08  7.50000e-08  8.75000e-08 
 5.00000e-08  6.25000e-08  8.75000e-08  1.00000e-07  7.50000e-08  8.75000e-08 
 6.25000e-08  7.50000e-08  8.75000e-08  1.00000e-07  7.50000e-08  8.75000e-08 
 5.00000e-08  6.25000e-08  7.50000e-08  8.75000e-08  8.75000e-08  1.00000e-07 
 6.25000e-08  7.50000e-08  7.50000e-08  8.75000e-08  8.75000e-08  1.00000e-07 
 5.00000e-08  6.25000e-08  8.75000e-08  1.00000e-07  8.75000e-08  1.00000e-07 
 6.25000e-08  7.50000e-08  8.75000e-08  1.00000e-07  8.75000e-08  1.00000e-07 
 7.50000e-08  8.75000e-08  7.50000e-08  8.75000e-08  7.50000e-08  8.75000e-08 
 8.75000e-08  1.00000e-07  7.50000e-08  8.75000e-08  7.50000e-08  8.75000e-08 
 7.50000e-08  8.75000e-08  8.75000e-08  1.00000e-07  7.50000e-08  8.75000e-08 
 8.75000e-08  1.00000e-07  8.75000e-08  1.00000e-07  7.50000e-08  8.75000e-08 
 7.50000e-08  8.75000e-08  7.50000e-08  8.75000e-08  8.75000e-08  1.00000e-07 
 8.75000e-08  1.00000e-07  7.50000e-08  8.75000e-08  8.75000e-08  1.00000e-07 
 7.50000e-08  8.75000e-08  8.75000e-08  1.00000e-07  8.75000e-08  1.00000e-07 
 8.75000e-08  1.00000e-07  8.75000e-08  1.00000e-07  8.75000e-08  1.00000e-07 
