0.00000e+00
5.00000e-12
1.00000e-11
1.50000e-11
2.00000e-11
2.50000e-11
3.00000e-11
3.50000e-11
4.00000e-11
4.50000e-11
5.00000e-11
5.50000e-11
6.00000e-11
6.50000e-11
7.00000e-11
7.50000e-11
8.00000e-11
8.50000e-11
9.00000e-11
9.50000e-11
1.00000e-10
1.05000e-10
1.10000e-10
1.15000e-10
1.20000e-10
1.25000e-10
1.30000e-10
1.35000e-10
1.40000e-10
1.45000e-10
1.50000e-10
1.55000e-10
1.60000e-10
1.65000e-10
1.70000e-10
1.75000e-10
1.80000e-10
1.85000e-10
1.90000e-10
1.95000e-10
2.00000e-10
2.05000e-10
2.10000e-10
2.15000e-10
2.20000e-10
2.25000e-10
2.30000e-10
2.35000e-10
2.40000e-10
2.45000e-10
2.50000e-10
2.55000e-10
2.60000e-10
2.65000e-10
2.70000e-10
2.75000e-10
2.80000e-10
2.85000e-10
2.90000e-10
2.95000e-10
3.00000e-10
3.05000e-10
3.10000e-10
3.15000e-10
3.20000e-10
3.25000e-10
3.30000e-10
3.35000e-10
3.40000e-10
3.45000e-10
3.50000e-10
3.55000e-10
3.60000e-10
3.65000e-10
3.70000e-10
3.75000e-10
3.80000e-10
3.85000e-10
3.90000e-10
3.95000e-10
4.00000e-10
4.05000e-10
4.10000e-10
4.15000e-10
4.20000e-10
4.25000e-10
4.30000e-10
4.35000e-10
4.40000e-10
4.45000e-10
4.50000e-10
4.55000e-10
4.60000e-10
4.65000e-10
4.70000e-10
4.75000e-10
4.80000e-10
4.85000e-10
4.90000e-10
4.95000e-10
5.00000e-10
5.05000e-10
5.10000e-10
5.15000e-10
5.20000e-10
5.25000e-10
5.30000e-10
5.35000e-10
5.40000e-10
5.45000e-10
5.50000e-10
5.55000e-10
5.60000e-10
5.65000e-10
5.70000e-10
5.75000e-10
5.80000e-10
5.85000e-10
5.90000e-10
5.95000e-10
6.00000e-10
6.05000e-10
6.10000e-10
6.15000e-10
6.20000e-10
6.25000e-10
6.30000e-10
6.35000e-10
6.40000e-10
6.45000e-10
6.50000e-10
6.55000e-10
6.60000e-10
6.65000e-10
6.70000e-10
6.75000e-10
6.80000e-10
6.85000e-10
6.90000e-10
6.95000e-10
7.00000e-10
7.05000e-10
7.10000e-10
7.15000e-10
7.20000e-10
7.25000e-10
7.30000e-10
7.35000e-10
7.40000e-10
7.45000e-10
7.50000e-10
7.55000e-10
7.60000e-10
7.65000e-10
7.70000e-10
7.75000e-10
7.80000e-10
7.85000e-10
7.90000e-10
7.95000e-10
8.00000e-10
8.05000e-10
8.10000e-10
8.15000e-10
8.20000e-10
8.25000e-10
8.30000e-10
8.35000e-10
8.40000e-10
8.45000e-10
8.50000e-10
8.55000e-10
8.60000e-10
8.65000e-10
8.70000e-10
8.75000e-10
8.80000e-10
8.85000e-10
8.90000e-10
8.95000e-10
9.00000e-10
9.05000e-10
9.10000e-10
9.15000e-10
9.20000e-10
9.25000e-10
9.30000e-10
9.35000e-10
9.40000e-10
9.45000e-10
9.50000e-10
9.55000e-10
9.60000e-10
9.65000e-10
9.70000e-10
9.75000e-10
9.80000e-10
9.85000e-10
9.90000e-10
9.95000e-10
1.00000e-09
1.00500e-09
1.01000e-09
1.01500e-09
1.02000e-09
1.02500e-09
1.03000e-09
1.03500e-09
1.04000e-09
1.04500e-09
1.05000e-09
1.05500e-09
1.06000e-09
1.06500e-09
1.07000e-09
1.07500e-09
1.08000e-09
1.08500e-09
1.09000e-09
1.09500e-09
1.10000e-09
1.10500e-09
1.11000e-09
1.11500e-09
1.12000e-09
1.12500e-09
1.13000e-09
1.13500e-09
1.14000e-09
1.14500e-09
1.15000e-09
1.15500e-09
1.16000e-09
1.16500e-09
1.17000e-09
1.17500e-09
1.18000e-09
1.18500e-09
1.19000e-09
1.19500e-09
1.20000e-09
1.20500e-09
1.21000e-09
1.21500e-09
1.22000e-09
1.22500e-09
1.23000e-09
1.23500e-09
1.24000e-09
1.24500e-09
1.25000e-09
1.25500e-09
1.26000e-09
1.26500e-09
1.27000e-09
1.27500e-09
1.28000e-09
1.28500e-09
1.29000e-09
1.29500e-09
1.30000e-09
1.30500e-09
1.31000e-09
1.31500e-09
1.32000e-09
1.32500e-09
1.33000e-09
1.33500e-09
1.34000e-09
1.34500e-09
1.35000e-09
1.35500e-09
1.36000e-09
1.36500e-09
1.37000e-09
1.37500e-09
1.38000e-09
1.38500e-09
1.39000e-09
1.39500e-09
1.40000e-09
1.40500e-09
1.41000e-09
1.41500e-09
1.42000e-09
1.42500e-09
1.43000e-09
1.43500e-09
1.44000e-09
1.44500e-09
1.45000e-09
1.45500e-09
1.46000e-09
1.46500e-09
1.47000e-09
1.47500e-09
1.48000e-09
1.48500e-09
1.49000e-09
1.49500e-09
1.50000e-09
1.50500e-09
1.51000e-09
1.51500e-09
1.52000e-09
1.52500e-09
1.53000e-09
1.53500e-09
1.54000e-09
1.54500e-09
1.55000e-09
1.55500e-09
1.56000e-09
1.56500e-09
1.57000e-09
1.57500e-09
1.58000e-09
1.58500e-09
1.59000e-09
1.59500e-09
1.60000e-09
1.60500e-09
1.61000e-09
1.61500e-09
1.62000e-09
1.62500e-09
1.63000e-09
1.63500e-09
1.64000e-09
1.64500e-09
1.65000e-09
1.65500e-09
1.66000e-09
1.66500e-09
1.67000e-09
1.67500e-09
1.68000e-09
1.68500e-09
1.69000e-09
1.69500e-09
1.70000e-09
1.70500e-09
1.71000e-09
1.71500e-09
1.72000e-09
1.72500e-09
1.73000e-09
1.73500e-09
1.74000e-09
1.74500e-09
1.75000e-09
1.75500e-09
1.76000e-09
1.76500e-09
1.77000e-09
1.77500e-09
1.78000e-09
1.78500e-09
1.79000e-09
1.79500e-09
1.80000e-09
1.80500e-09
1.81000e-09
1.81500e-09
1.82000e-09
1.82500e-09
1.83000e-09
1.83500e-09
1.84000e-09
1.84500e-09
1.85000e-09
1.85500e-09
1.86000e-09
1.86500e-09
1.87000e-09
1.87500e-09
1.88000e-09
1.88500e-09
1.89000e-09
1.89500e-09
1.90000e-09
1.90500e-09
1.91000e-09
1.91500e-09
1.92000e-09
1.92500e-09
1.93000e-09
1.93500e-09
1.94000e-09
1.94500e-09
1.95000e-09
1.95500e-09
1.96000e-09
1.96500e-09
1.97000e-09
1.97500e-09
1.98000e-09
1.98500e-09
1.99000e-09
1.99500e-09
2.00000e-09
2.00500e-09
2.01000e-09
2.01500e-09
2.02000e-09
2.02500e-09
2.03000e-09
2.03500e-09
2.04000e-09
2.04500e-09
2.05000e-09
2.05500e-09
2.06000e-09
2.06500e-09
2.07000e-09
2.07500e-09
2.08000e-09
2.08500e-09
2.09000e-09
2.09500e-09
2.10000e-09
2.10500e-09
2.11000e-09
2.11500e-09
2.12000e-09
2.12500e-09
2.13000e-09
2.13500e-09
2.14000e-09
2.14500e-09
2.15000e-09
2.15500e-09
2.16000e-09
2.16500e-09
2.17000e-09
2.17500e-09
2.18000e-09
2.18500e-09
2.19000e-09
2.19500e-09
2.20000e-09
2.20500e-09
2.21000e-09
2.21500e-09
2.22000e-09
2.22500e-09
2.23000e-09
2.23500e-09
2.24000e-09
2.24500e-09
2.25000e-09
2.25500e-09
2.26000e-09
2.26500e-09
2.27000e-09
2.27500e-09
2.28000e-09
2.28500e-09
2.29000e-09
2.29500e-09
2.30000e-09
2.30500e-09
2.31000e-09
2.31500e-09
2.32000e-09
2.32500e-09
2.33000e-09
2.33500e-09
2.34000e-09
2.34500e-09
2.35000e-09
2.35500e-09
2.36000e-09
2.36500e-09
2.37000e-09
2.37500e-09
2.38000e-09
2.38500e-09
2.39000e-09
2.39500e-09
2.40000e-09
2.40500e-09
2.41000e-09
2.41500e-09
2.42000e-09
2.42500e-09
2.43000e-09
2.43500e-09
2.44000e-09
2.44500e-09
2.45000e-09
2.45500e-09
2.46000e-09
2.46500e-09
2.47000e-09
2.47500e-09
2.48000e-09
2.48500e-09
2.49000e-09
2.49500e-09
2.50000e-09
2.50500e-09
2.51000e-09
2.51500e-09
2.52000e-09
2.52500e-09
2.53000e-09
2.53500e-09
2.54000e-09
2.54500e-09
2.55000e-09
2.55500e-09
2.56000e-09
2.56500e-09
2.57000e-09
2.57500e-09
2.58000e-09
2.58500e-09
2.59000e-09
2.59500e-09
2.60000e-09
2.60500e-09
2.61000e-09
2.61500e-09
2.62000e-09
2.62500e-09
2.63000e-09
2.63500e-09
2.64000e-09
2.64500e-09
2.65000e-09
2.65500e-09
2.66000e-09
2.66500e-09
2.67000e-09
2.67500e-09
2.68000e-09
2.68500e-09
2.69000e-09
2.69500e-09
2.70000e-09
2.70500e-09
2.71000e-09
2.71500e-09
2.72000e-09
2.72500e-09
2.73000e-09
2.73500e-09
2.74000e-09
2.74500e-09
2.75000e-09
2.75500e-09
2.76000e-09
2.76500e-09
2.77000e-09
2.77500e-09
2.78000e-09
2.78500e-09
2.79000e-09
2.79500e-09
2.80000e-09
2.80500e-09
2.81000e-09
2.81500e-09
2.82000e-09
2.82500e-09
2.83000e-09
2.83500e-09
2.84000e-09
2.84500e-09
2.85000e-09
2.85500e-09
2.86000e-09
2.86500e-09
2.87000e-09
2.87500e-09
2.88000e-09
2.88500e-09
2.89000e-09
2.89500e-09
2.90000e-09
2.90500e-09
2.91000e-09
2.91500e-09
2.92000e-09
2.92500e-09
2.93000e-09
2.93500e-09
2.94000e-09
2.94500e-09
2.95000e-09
2.95500e-09
2.96000e-09
2.96500e-09
2.97000e-09
2.97500e-09
2.98000e-09
2.98500e-09
2.99000e-09
2.99500e-09
3.00000e-09
3.00500e-09
3.01000e-09
3.01500e-09
3.02000e-09
3.02500e-09
3.03000e-09
3.03500e-09
3.04000e-09
3.04500e-09
3.05000e-09
3.05500e-09
3.06000e-09
3.06500e-09
3.07000e-09
3.07500e-09
3.08000e-09
3.08500e-09
3.09000e-09
3.09500e-09
3.10000e-09
3.10500e-09
3.11000e-09
3.11500e-09
3.12000e-09
3.12500e-09
3.13000e-09
3.13500e-09
3.14000e-09
3.14500e-09
3.15000e-09
3.15500e-09
3.16000e-09
3.16500e-09
3.17000e-09
3.17500e-09
3.18000e-09
3.18500e-09
3.19000e-09
3.19500e-09
3.20000e-09
3.20500e-09
3.21000e-09
3.21500e-09
3.22000e-09
3.22500e-09
3.23000e-09
3.23500e-09
3.24000e-09
3.24500e-09
3.25000e-09
3.25500e-09
3.26000e-09
3.26500e-09
3.27000e-09
3.27500e-09
3.28000e-09
3.28500e-09
3.29000e-09
3.29500e-09
3.30000e-09
3.30500e-09
3.31000e-09
3.31500e-09
3.32000e-09
3.32500e-09
3.33000e-09
3.33500e-09
3.34000e-09
3.34500e-09
3.35000e-09
3.35500e-09
3.36000e-09
3.36500e-09
3.37000e-09
3.37500e-09
3.38000e-09
3.38500e-09
3.39000e-09
3.39500e-09
3.40000e-09
3.40500e-09
3.41000e-09
3.41500e-09
3.42000e-09
3.42500e-09
3.43000e-09
3.43500e-09
3.44000e-09
3.44500e-09
3.45000e-09
3.45500e-09
3.46000e-09
3.46500e-09
3.47000e-09
3.47500e-09
3.48000e-09
3.48500e-09
3.49000e-09
3.49500e-09
3.50000e-09
3.50500e-09
3.51000e-09
3.51500e-09
3.52000e-09
3.52500e-09
3.53000e-09
3.53500e-09
3.54000e-09
3.54500e-09
3.55000e-09
3.55500e-09
3.56000e-09
3.56500e-09
3.57000e-09
3.57500e-09
3.58000e-09
3.58500e-09
3.59000e-09
3.59500e-09
3.60000e-09
3.60500e-09
3.61000e-09
3.61500e-09
3.62000e-09
3.62500e-09
3.63000e-09
3.63500e-09
3.64000e-09
3.64500e-09
3.65000e-09
3.65500e-09
3.66000e-09
3.66500e-09
3.67000e-09
3.67500e-09
3.68000e-09
3.68500e-09
3.69000e-09
3.69500e-09
3.70000e-09
3.70500e-09
3.71000e-09
3.71500e-09
3.72000e-09
3.72500e-09
3.73000e-09
3.73500e-09
3.74000e-09
3.74500e-09
3.75000e-09
3.75500e-09
3.76000e-09
3.76500e-09
3.77000e-09
3.77500e-09
3.78000e-09
3.78500e-09
3.79000e-09
3.79500e-09
3.80000e-09
3.80500e-09
3.81000e-09
3.81500e-09
3.82000e-09
3.82500e-09
3.83000e-09
3.83500e-09
3.84000e-09
3.84500e-09
3.85000e-09
3.85500e-09
3.86000e-09
3.86500e-09
3.87000e-09
3.87500e-09
3.88000e-09
3.88500e-09
3.89000e-09
3.89500e-09
3.90000e-09
3.90500e-09
3.91000e-09
3.91500e-09
3.92000e-09
3.92500e-09
3.93000e-09
3.93500e-09
3.94000e-09
3.94500e-09
3.95000e-09
3.95500e-09
3.96000e-09
3.96500e-09
3.97000e-09
3.97500e-09
3.98000e-09
3.98500e-09
3.99000e-09
3.99500e-09
4.00000e-09
4.00500e-09
4.01000e-09
4.01500e-09
4.02000e-09
4.02500e-09
4.03000e-09
4.03500e-09
4.04000e-09
4.04500e-09
4.05000e-09
4.05500e-09
4.06000e-09
4.06500e-09
4.07000e-09
4.07500e-09
4.08000e-09
4.08500e-09
4.09000e-09
4.09500e-09
4.10000e-09
4.10500e-09
4.11000e-09
4.11500e-09
4.12000e-09
4.12500e-09
4.13000e-09
4.13500e-09
4.14000e-09
4.14500e-09
4.15000e-09
4.15500e-09
4.16000e-09
4.16500e-09
4.17000e-09
4.17500e-09
4.18000e-09
4.18500e-09
4.19000e-09
4.19500e-09
4.20000e-09
4.20500e-09
4.21000e-09
4.21500e-09
4.22000e-09
4.22500e-09
4.23000e-09
4.23500e-09
4.24000e-09
4.24500e-09
4.25000e-09
4.25500e-09
4.26000e-09
4.26500e-09
4.27000e-09
4.27500e-09
4.28000e-09
4.28500e-09
4.29000e-09
4.29500e-09
4.30000e-09
4.30500e-09
4.31000e-09
4.31500e-09
4.32000e-09
4.32500e-09
4.33000e-09
4.33500e-09
4.34000e-09
4.34500e-09
4.35000e-09
4.35500e-09
4.36000e-09
4.36500e-09
4.37000e-09
4.37500e-09
4.38000e-09
4.38500e-09
4.39000e-09
4.39500e-09
4.40000e-09
4.40500e-09
4.41000e-09
4.41500e-09
4.42000e-09
4.42500e-09
4.43000e-09
4.43500e-09
4.44000e-09
4.44500e-09
4.45000e-09
4.45500e-09
4.46000e-09
4.46500e-09
4.47000e-09
4.47500e-09
4.48000e-09
4.48500e-09
4.49000e-09
4.49500e-09
4.50000e-09
4.50500e-09
4.51000e-09
4.51500e-09
4.52000e-09
4.52500e-09
4.53000e-09
4.53500e-09
4.54000e-09
4.54500e-09
4.55000e-09
4.55500e-09
4.56000e-09
4.56500e-09
4.57000e-09
4.57500e-09
4.58000e-09
4.58500e-09
4.59000e-09
4.59500e-09
4.60000e-09
4.60500e-09
4.61000e-09
4.61500e-09
4.62000e-09
4.62500e-09
4.63000e-09
4.63500e-09
4.64000e-09
4.64500e-09
4.65000e-09
4.65500e-09
4.66000e-09
4.66500e-09
4.67000e-09
4.67500e-09
4.68000e-09
4.68500e-09
4.69000e-09
4.69500e-09
4.70000e-09
4.70500e-09
4.71000e-09
4.71500e-09
4.72000e-09
4.72500e-09
4.73000e-09
4.73500e-09
4.74000e-09
4.74500e-09
4.75000e-09
4.75500e-09
4.76000e-09
4.76500e-09
4.77000e-09
4.77500e-09
4.78000e-09
4.78500e-09
4.79000e-09
4.79500e-09
4.80000e-09
4.80500e-09
4.81000e-09
4.81500e-09
4.82000e-09
4.82500e-09
4.83000e-09
4.83500e-09
4.84000e-09
4.84500e-09
4.85000e-09
4.85500e-09
4.86000e-09
4.86500e-09
4.87000e-09
4.87500e-09
4.88000e-09
4.88500e-09
4.89000e-09
4.89500e-09
4.90000e-09
4.90500e-09
4.91000e-09
4.91500e-09
4.92000e-09
4.92500e-09
4.93000e-09
4.93500e-09
4.94000e-09
4.94500e-09
4.95000e-09
4.95500e-09
4.96000e-09
4.96500e-09
4.97000e-09
4.97500e-09
4.98000e-09
4.98500e-09
4.99000e-09
4.99500e-09
5.00000e-09
5.00500e-09
5.01000e-09
5.01500e-09
5.02000e-09
5.02500e-09
5.03000e-09
5.03500e-09
5.04000e-09
5.04500e-09
5.05000e-09
5.05500e-09
5.06000e-09
5.06500e-09
5.07000e-09
5.07500e-09
5.08000e-09
5.08500e-09
5.09000e-09
5.09500e-09
5.10000e-09
5.10500e-09
5.11000e-09
5.11500e-09
5.12000e-09
5.12500e-09
5.13000e-09
5.13500e-09
5.14000e-09
5.14500e-09
5.15000e-09
5.15500e-09
5.16000e-09
5.16500e-09
5.17000e-09
5.17500e-09
5.18000e-09
5.18500e-09
5.19000e-09
5.19500e-09
5.20000e-09
5.20500e-09
5.21000e-09
5.21500e-09
5.22000e-09
5.22500e-09
5.23000e-09
5.23500e-09
5.24000e-09
5.24500e-09
5.25000e-09
5.25500e-09
5.26000e-09
5.26500e-09
5.27000e-09
5.27500e-09
5.28000e-09
5.28500e-09
5.29000e-09
5.29500e-09
5.30000e-09
5.30500e-09
5.31000e-09
5.31500e-09
5.32000e-09
5.32500e-09
5.33000e-09
5.33500e-09
5.34000e-09
5.34500e-09
5.35000e-09
5.35500e-09
5.36000e-09
5.36500e-09
5.37000e-09
5.37500e-09
5.38000e-09
5.38500e-09
5.39000e-09
5.39500e-09
5.40000e-09
5.40500e-09
5.41000e-09
5.41500e-09
5.42000e-09
5.42500e-09
5.43000e-09
5.43500e-09
5.44000e-09
5.44500e-09
5.45000e-09
5.45500e-09
5.46000e-09
5.46500e-09
5.47000e-09
5.47500e-09
5.48000e-09
5.48500e-09
5.49000e-09
5.49500e-09
5.50000e-09
5.50500e-09
5.51000e-09
5.51500e-09
5.52000e-09
5.52500e-09
5.53000e-09
5.53500e-09
5.54000e-09
5.54500e-09
5.55000e-09
5.55500e-09
5.56000e-09
5.56500e-09
5.57000e-09
5.57500e-09
5.58000e-09
5.58500e-09
5.59000e-09
5.59500e-09
5.60000e-09
5.60500e-09
5.61000e-09
5.61500e-09
5.62000e-09
5.62500e-09
5.63000e-09
5.63500e-09
5.64000e-09
5.64500e-09
5.65000e-09
5.65500e-09
5.66000e-09
5.66500e-09
5.67000e-09
5.67500e-09
5.68000e-09
5.68500e-09
5.69000e-09
5.69500e-09
5.70000e-09
5.70500e-09
5.71000e-09
5.71500e-09
5.72000e-09
5.72500e-09
5.73000e-09
5.73500e-09
5.74000e-09
5.74500e-09
5.75000e-09
5.75500e-09
5.76000e-09
5.76500e-09
5.77000e-09
5.77500e-09
5.78000e-09
5.78500e-09
5.79000e-09
5.79500e-09
5.80000e-09
5.80500e-09
5.81000e-09
5.81500e-09
5.82000e-09
5.82500e-09
5.83000e-09
5.83500e-09
5.84000e-09
5.84500e-09
5.85000e-09
5.85500e-09
5.86000e-09
5.86500e-09
5.87000e-09
5.87500e-09
5.88000e-09
5.88500e-09
5.89000e-09
5.89500e-09
5.90000e-09
5.90500e-09
5.91000e-09
5.91500e-09
5.92000e-09
5.92500e-09
5.93000e-09
5.93500e-09
5.94000e-09
5.94500e-09
5.95000e-09
5.95500e-09
5.96000e-09
5.96500e-09
5.97000e-09
5.97500e-09
5.98000e-09
5.98500e-09
5.99000e-09
5.99500e-09
6.00000e-09
6.00500e-09
6.01000e-09
6.01500e-09
6.02000e-09
6.02500e-09
6.03000e-09
6.03500e-09
6.04000e-09
6.04500e-09
6.05000e-09
6.05500e-09
6.06000e-09
6.06500e-09
6.07000e-09
6.07500e-09
6.08000e-09
6.08500e-09
6.09000e-09
6.09500e-09
6.10000e-09
6.10500e-09
6.11000e-09
6.11500e-09
6.12000e-09
6.12500e-09
6.13000e-09
6.13500e-09
6.14000e-09
6.14500e-09
6.15000e-09
6.15500e-09
6.16000e-09
6.16500e-09
6.17000e-09
6.17500e-09
6.18000e-09
6.18500e-09
6.19000e-09
6.19500e-09
6.20000e-09
6.20500e-09
6.21000e-09
6.21500e-09
6.22000e-09
6.22500e-09
6.23000e-09
6.23500e-09
6.24000e-09
6.24500e-09
6.25000e-09
6.25500e-09
6.26000e-09
6.26500e-09
6.27000e-09
6.27500e-09
6.28000e-09
6.28500e-09
6.29000e-09
6.29500e-09
6.30000e-09
6.30500e-09
6.31000e-09
6.31500e-09
6.32000e-09
6.32500e-09
6.33000e-09
6.33500e-09
6.34000e-09
6.34500e-09
6.35000e-09
6.35500e-09
6.36000e-09
6.36500e-09
6.37000e-09
6.37500e-09
6.38000e-09
6.38500e-09
6.39000e-09
6.39500e-09
6.40000e-09
6.40500e-09
6.41000e-09
6.41500e-09
6.42000e-09
6.42500e-09
6.43000e-09
6.43500e-09
6.44000e-09
6.44500e-09
6.45000e-09
6.45500e-09
6.46000e-09
6.46500e-09
6.47000e-09
6.47500e-09
6.48000e-09
6.48500e-09
6.49000e-09
6.49500e-09
6.50000e-09
6.50500e-09
6.51000e-09
6.51500e-09
6.52000e-09
6.52500e-09
6.53000e-09
6.53500e-09
6.54000e-09
6.54500e-09
6.55000e-09
6.55500e-09
6.56000e-09
6.56500e-09
6.57000e-09
6.57500e-09
6.58000e-09
6.58500e-09
6.59000e-09
6.59500e-09
6.60000e-09
6.60500e-09
6.61000e-09
6.61500e-09
6.62000e-09
6.62500e-09
6.63000e-09
6.63500e-09
6.64000e-09
6.64500e-09
6.65000e-09
6.65500e-09
6.66000e-09
6.66500e-09
6.67000e-09
6.67500e-09
6.68000e-09
6.68500e-09
6.69000e-09
6.69500e-09
6.70000e-09
6.70500e-09
6.71000e-09
6.71500e-09
6.72000e-09
6.72500e-09
6.73000e-09
6.73500e-09
6.74000e-09
6.74500e-09
6.75000e-09
6.75500e-09
6.76000e-09
6.76500e-09
6.77000e-09
6.77500e-09
6.78000e-09
6.78500e-09
6.79000e-09
6.79500e-09
6.80000e-09
6.80500e-09
6.81000e-09
6.81500e-09
6.82000e-09
6.82500e-09
6.83000e-09
6.83500e-09
6.84000e-09
6.84500e-09
6.85000e-09
6.85500e-09
6.86000e-09
6.86500e-09
6.87000e-09
6.87500e-09
6.88000e-09
6.88500e-09
6.89000e-09
6.89500e-09
6.90000e-09
6.90500e-09
6.91000e-09
6.91500e-09
6.92000e-09
6.92500e-09
6.93000e-09
6.93500e-09
6.94000e-09
6.94500e-09
6.95000e-09
6.95500e-09
6.96000e-09
6.96500e-09
6.97000e-09
6.97500e-09
6.98000e-09
6.98500e-09
6.99000e-09
6.99500e-09
7.00000e-09
7.00500e-09
7.01000e-09
7.01500e-09
7.02000e-09
7.02500e-09
7.03000e-09
7.03500e-09
7.04000e-09
7.04500e-09
7.05000e-09
7.05500e-09
7.06000e-09
7.06500e-09
7.07000e-09
7.07500e-09
7.08000e-09
7.08500e-09
7.09000e-09
7.09500e-09
7.10000e-09
7.10500e-09
7.11000e-09
7.11500e-09
7.12000e-09
7.12500e-09
7.13000e-09
7.13500e-09
7.14000e-09
7.14500e-09
7.15000e-09
7.15500e-09
7.16000e-09
7.16500e-09
7.17000e-09
7.17500e-09
7.18000e-09
7.18500e-09
7.19000e-09
7.19500e-09
7.20000e-09
7.20500e-09
7.21000e-09
7.21500e-09
7.22000e-09
7.22500e-09
7.23000e-09
7.23500e-09
7.24000e-09
7.24500e-09
7.25000e-09
7.25500e-09
7.26000e-09
7.26500e-09
7.27000e-09
7.27500e-09
7.28000e-09
7.28500e-09
7.29000e-09
7.29500e-09
7.30000e-09
7.30500e-09
7.31000e-09
7.31500e-09
7.32000e-09
7.32500e-09
7.33000e-09
7.33500e-09
7.34000e-09
7.34500e-09
7.35000e-09
7.35500e-09
7.36000e-09
7.36500e-09
7.37000e-09
7.37500e-09
7.38000e-09
7.38500e-09
7.39000e-09
7.39500e-09
7.40000e-09
7.40500e-09
7.41000e-09
7.41500e-09
7.42000e-09
7.42500e-09
7.43000e-09
7.43500e-09
7.44000e-09
7.44500e-09
7.45000e-09
7.45500e-09
7.46000e-09
7.46500e-09
7.47000e-09
7.47500e-09
7.48000e-09
7.48500e-09
7.49000e-09
7.49500e-09
7.50000e-09
7.50500e-09
7.51000e-09
7.51500e-09
7.52000e-09
7.52500e-09
7.53000e-09
7.53500e-09
7.54000e-09
7.54500e-09
7.55000e-09
7.55500e-09
7.56000e-09
7.56500e-09
7.57000e-09
7.57500e-09
7.58000e-09
7.58500e-09
7.59000e-09
7.59500e-09
7.60000e-09
7.60500e-09
7.61000e-09
7.61500e-09
7.62000e-09
7.62500e-09
7.63000e-09
7.63500e-09
7.64000e-09
7.64500e-09
7.65000e-09
7.65500e-09
7.66000e-09
7.66500e-09
7.67000e-09
7.67500e-09
7.68000e-09
7.68500e-09
7.69000e-09
7.69500e-09
7.70000e-09
7.70500e-09
7.71000e-09
7.71500e-09
7.72000e-09
7.72500e-09
7.73000e-09
7.73500e-09
7.74000e-09
7.74500e-09
7.75000e-09
7.75500e-09
7.76000e-09
7.76500e-09
7.77000e-09
7.77500e-09
7.78000e-09
7.78500e-09
7.79000e-09
7.79500e-09
7.80000e-09
7.80500e-09
7.81000e-09
7.81500e-09
7.82000e-09
7.82500e-09
7.83000e-09
7.83500e-09
7.84000e-09
7.84500e-09
7.85000e-09
7.85500e-09
7.86000e-09
7.86500e-09
7.87000e-09
7.87500e-09
7.88000e-09
7.88500e-09
7.89000e-09
7.89500e-09
7.90000e-09
7.90500e-09
7.91000e-09
7.91500e-09
7.92000e-09
7.92500e-09
7.93000e-09
7.93500e-09
7.94000e-09
7.94500e-09
7.95000e-09
7.95500e-09
7.96000e-09
7.96500e-09
7.97000e-09
7.97500e-09
7.98000e-09
7.98500e-09
7.99000e-09
7.99500e-09
8.00000e-09
8.00500e-09
8.01000e-09
8.01500e-09
8.02000e-09
8.02500e-09
8.03000e-09
8.03500e-09
8.04000e-09
8.04500e-09
8.05000e-09
8.05500e-09
8.06000e-09
8.06500e-09
8.07000e-09
8.07500e-09
8.08000e-09
8.08500e-09
8.09000e-09
8.09500e-09
8.10000e-09
8.10500e-09
8.11000e-09
8.11500e-09
8.12000e-09
8.12500e-09
8.13000e-09
8.13500e-09
8.14000e-09
8.14500e-09
8.15000e-09
8.15500e-09
8.16000e-09
8.16500e-09
8.17000e-09
8.17500e-09
8.18000e-09
8.18500e-09
8.19000e-09
8.19500e-09
8.20000e-09
8.20500e-09
8.21000e-09
8.21500e-09
8.22000e-09
8.22500e-09
8.23000e-09
8.23500e-09
8.24000e-09
8.24500e-09
8.25000e-09
8.25500e-09
8.26000e-09
8.26500e-09
8.27000e-09
8.27500e-09
8.28000e-09
8.28500e-09
8.29000e-09
8.29500e-09
8.30000e-09
8.30500e-09
8.31000e-09
8.31500e-09
8.32000e-09
8.32500e-09
8.33000e-09
8.33500e-09
8.34000e-09
8.34500e-09
8.35000e-09
8.35500e-09
8.36000e-09
8.36500e-09
8.37000e-09
8.37500e-09
8.38000e-09
8.38500e-09
8.39000e-09
8.39500e-09
8.40000e-09
8.40500e-09
8.41000e-09
8.41500e-09
8.42000e-09
8.42500e-09
8.43000e-09
8.43500e-09
8.44000e-09
8.44500e-09
8.45000e-09
8.45500e-09
8.46000e-09
8.46500e-09
8.47000e-09
8.47500e-09
8.48000e-09
8.48500e-09
8.49000e-09
8.49500e-09
8.50000e-09
8.50500e-09
8.51000e-09
8.51500e-09
8.52000e-09
8.52500e-09
8.53000e-09
8.53500e-09
8.54000e-09
8.54500e-09
8.55000e-09
8.55500e-09
8.56000e-09
8.56500e-09
8.57000e-09
8.57500e-09
8.58000e-09
8.58500e-09
8.59000e-09
8.59500e-09
8.60000e-09
8.60500e-09
8.61000e-09
8.61500e-09
8.62000e-09
8.62500e-09
8.63000e-09
8.63500e-09
8.64000e-09
8.64500e-09
8.65000e-09
8.65500e-09
8.66000e-09
8.66500e-09
8.67000e-09
8.67500e-09
8.68000e-09
8.68500e-09
8.69000e-09
8.69500e-09
8.70000e-09
8.70500e-09
8.71000e-09
8.71500e-09
8.72000e-09
8.72500e-09
8.73000e-09
8.73500e-09
8.74000e-09
8.74500e-09
8.75000e-09
8.75500e-09
8.76000e-09
8.76500e-09
8.77000e-09
8.77500e-09
8.78000e-09
8.78500e-09
8.79000e-09
8.79500e-09
8.80000e-09
8.80500e-09
8.81000e-09
8.81500e-09
8.82000e-09
8.82500e-09
8.83000e-09
8.83500e-09
8.84000e-09
8.84500e-09
8.85000e-09
8.85500e-09
8.86000e-09
8.86500e-09
8.87000e-09
8.87500e-09
8.88000e-09
8.88500e-09
8.89000e-09
8.89500e-09
8.90000e-09
8.90500e-09
8.91000e-09
8.91500e-09
8.92000e-09
8.92500e-09
8.93000e-09
8.93500e-09
8.94000e-09
8.94500e-09
8.95000e-09
8.95500e-09
8.96000e-09
8.96500e-09
8.97000e-09
8.97500e-09
8.98000e-09
8.98500e-09
8.99000e-09
8.99500e-09
9.00000e-09
9.00500e-09
9.01000e-09
9.01500e-09
9.02000e-09
9.02500e-09
9.03000e-09
9.03500e-09
9.04000e-09
9.04500e-09
9.05000e-09
9.05500e-09
9.06000e-09
9.06500e-09
9.07000e-09
9.07500e-09
9.08000e-09
9.08500e-09
9.09000e-09
9.09500e-09
9.10000e-09
9.10500e-09
9.11000e-09
9.11500e-09
9.12000e-09
9.12500e-09
9.13000e-09
9.13500e-09
9.14000e-09
9.14500e-09
9.15000e-09
9.15500e-09
9.16000e-09
9.16500e-09
9.17000e-09
9.17500e-09
9.18000e-09
9.18500e-09
9.19000e-09
9.19500e-09
9.20000e-09
9.20500e-09
9.21000e-09
9.21500e-09
9.22000e-09
9.22500e-09
9.23000e-09
9.23500e-09
9.24000e-09
9.24500e-09
9.25000e-09
9.25500e-09
9.26000e-09
9.26500e-09
9.27000e-09
9.27500e-09
9.28000e-09
9.28500e-09
9.29000e-09
9.29500e-09
9.30000e-09
9.30500e-09
9.31000e-09
9.31500e-09
9.32000e-09
9.32500e-09
9.33000e-09
9.33500e-09
9.34000e-09
9.34500e-09
9.35000e-09
9.35500e-09
9.36000e-09
9.36500e-09
9.37000e-09
9.37500e-09
9.38000e-09
9.38500e-09
9.39000e-09
9.39500e-09
9.40000e-09
9.40500e-09
9.41000e-09
9.41500e-09
9.42000e-09
9.42500e-09
9.43000e-09
9.43500e-09
9.44000e-09
9.44500e-09
9.45000e-09
9.45500e-09
9.46000e-09
9.46500e-09
9.47000e-09
9.47500e-09
9.48000e-09
9.48500e-09
9.49000e-09
9.49500e-09
9.50000e-09
9.50500e-09
9.51000e-09
9.51500e-09
9.52000e-09
9.52500e-09
9.53000e-09
9.53500e-09
9.54000e-09
9.54500e-09
9.55000e-09
9.55500e-09
9.56000e-09
9.56500e-09
9.57000e-09
9.57500e-09
9.58000e-09
9.58500e-09
9.59000e-09
9.59500e-09
9.60000e-09
9.60500e-09
9.61000e-09
9.61500e-09
9.62000e-09
9.62500e-09
9.63000e-09
9.63500e-09
9.64000e-09
9.64500e-09
9.65000e-09
9.65500e-09
9.66000e-09
9.66500e-09
9.67000e-09
9.67500e-09
9.68000e-09
9.68500e-09
9.69000e-09
9.69500e-09
9.70000e-09
9.70500e-09
9.71000e-09
9.71500e-09
9.72000e-09
9.72500e-09
9.73000e-09
9.73500e-09
9.74000e-09
9.74500e-09
9.75000e-09
9.75500e-09
9.76000e-09
9.76500e-09
9.77000e-09
9.77500e-09
9.78000e-09
9.78500e-09
9.79000e-09
9.79500e-09
9.80000e-09
9.80500e-09
9.81000e-09
9.81500e-09
9.82000e-09
9.82500e-09
9.83000e-09
9.83500e-09
9.84000e-09
9.84500e-09
9.85000e-09
9.85500e-09
9.86000e-09
9.86500e-09
9.87000e-09
9.87500e-09
9.88000e-09
9.88500e-09
9.89000e-09
9.89500e-09
9.90000e-09
9.90500e-09
9.91000e-09
9.91500e-09
9.92000e-09
9.92500e-09
9.93000e-09
9.93500e-09
9.94000e-09
9.94500e-09
9.95000e-09
9.95500e-09
9.96000e-09
9.96500e-09
9.97000e-09
9.97500e-09
9.98000e-09
9.98500e-09
9.99000e-09
9.99500e-09
1.00000e-08
1.00050e-08
1.00100e-08
1.00150e-08
1.00200e-08
1.00250e-08
1.00300e-08
1.00350e-08
1.00400e-08
1.00450e-08
1.00500e-08
1.00550e-08
1.00600e-08
1.00650e-08
1.00700e-08
1.00750e-08
1.00800e-08
1.00850e-08
1.00900e-08
1.00950e-08
1.01000e-08
1.01050e-08
1.01100e-08
1.01150e-08
1.01200e-08
1.01250e-08
1.01300e-08
1.01350e-08
1.01400e-08
1.01450e-08
1.01500e-08
1.01550e-08
1.01600e-08
1.01650e-08
1.01700e-08
1.01750e-08
1.01800e-08
1.01850e-08
1.01900e-08
1.01950e-08
1.02000e-08
1.02050e-08
1.02100e-08
1.02150e-08
1.02200e-08
1.02250e-08
1.02300e-08
1.02350e-08
1.02400e-08
1.02450e-08
1.02500e-08
1.02550e-08
1.02600e-08
1.02650e-08
1.02700e-08
1.02750e-08
1.02800e-08
1.02850e-08
1.02900e-08
1.02950e-08
1.03000e-08
1.03050e-08
1.03100e-08
1.03150e-08
1.03200e-08
1.03250e-08
1.03300e-08
1.03350e-08
1.03400e-08
1.03450e-08
1.03500e-08
1.03550e-08
1.03600e-08
1.03650e-08
1.03700e-08
1.03750e-08
1.03800e-08
1.03850e-08
1.03900e-08
1.03950e-08
1.04000e-08
1.04050e-08
1.04100e-08
1.04150e-08
1.04200e-08
1.04250e-08
1.04300e-08
1.04350e-08
1.04400e-08
1.04450e-08
1.04500e-08
1.04550e-08
1.04600e-08
1.04650e-08
1.04700e-08
1.04750e-08
1.04800e-08
1.04850e-08
1.04900e-08
1.04950e-08
1.05000e-08
1.05050e-08
1.05100e-08
1.05150e-08
1.05200e-08
1.05250e-08
1.05300e-08
1.05350e-08
1.05400e-08
1.05450e-08
1.05500e-08
1.05550e-08
1.05600e-08
1.05650e-08
1.05700e-08
1.05750e-08
1.05800e-08
1.05850e-08
1.05900e-08
1.05950e-08
1.06000e-08
1.06050e-08
1.06100e-08
1.06150e-08
1.06200e-08
1.06250e-08
1.06300e-08
1.06350e-08
1.06400e-08
1.06450e-08
1.06500e-08
1.06550e-08
1.06600e-08
1.06650e-08
1.06700e-08
1.06750e-08
1.06800e-08
1.06850e-08
1.06900e-08
1.06950e-08
1.07000e-08
1.07050e-08
1.07100e-08
1.07150e-08
1.07200e-08
1.07250e-08
1.07300e-08
1.07350e-08
1.07400e-08
1.07450e-08
1.07500e-08
1.07550e-08
1.07600e-08
1.07650e-08
1.07700e-08
1.07750e-08
1.07800e-08
1.07850e-08
1.07900e-08
1.07950e-08
1.08000e-08
1.08050e-08
1.08100e-08
1.08150e-08
1.08200e-08
1.08250e-08
1.08300e-08
1.08350e-08
1.08400e-08
1.08450e-08
1.08500e-08
1.08550e-08
1.08600e-08
1.08650e-08
1.08700e-08
1.08750e-08
1.08800e-08
1.08850e-08
1.08900e-08
1.08950e-08
1.09000e-08
1.09050e-08
1.09100e-08
1.09150e-08
1.09200e-08
1.09250e-08
1.09300e-08
1.09350e-08
1.09400e-08
1.09450e-08
1.09500e-08
1.09550e-08
1.09600e-08
1.09650e-08
1.09700e-08
1.09750e-08
1.09800e-08
1.09850e-08
1.09900e-08
1.09950e-08
1.10000e-08
1.10050e-08
1.10100e-08
1.10150e-08
1.10200e-08
1.10250e-08
1.10300e-08
1.10350e-08
1.10400e-08
1.10450e-08
1.10500e-08
1.10550e-08
1.10600e-08
1.10650e-08
1.10700e-08
1.10750e-08
1.10800e-08
1.10850e-08
1.10900e-08
1.10950e-08
1.11000e-08
1.11050e-08
1.11100e-08
1.11150e-08
1.11200e-08
1.11250e-08
1.11300e-08
1.11350e-08
1.11400e-08
1.11450e-08
1.11500e-08
1.11550e-08
1.11600e-08
1.11650e-08
1.11700e-08
1.11750e-08
1.11800e-08
1.11850e-08
1.11900e-08
1.11950e-08
1.12000e-08
1.12050e-08
1.12100e-08
1.12150e-08
1.12200e-08
1.12250e-08
1.12300e-08
1.12350e-08
1.12400e-08
1.12450e-08
1.12500e-08
1.12550e-08
1.12600e-08
1.12650e-08
1.12700e-08
1.12750e-08
1.12800e-08
1.12850e-08
1.12900e-08
1.12950e-08
1.13000e-08
1.13050e-08
1.13100e-08
1.13150e-08
1.13200e-08
1.13250e-08
1.13300e-08
1.13350e-08
1.13400e-08
1.13450e-08
1.13500e-08
1.13550e-08
1.13600e-08
1.13650e-08
1.13700e-08
1.13750e-08
1.13800e-08
1.13850e-08
1.13900e-08
1.13950e-08
1.14000e-08
1.14050e-08
1.14100e-08
1.14150e-08
1.14200e-08
1.14250e-08
1.14300e-08
1.14350e-08
1.14400e-08
1.14450e-08
1.14500e-08
1.14550e-08
1.14600e-08
1.14650e-08
1.14700e-08
1.14750e-08
1.14800e-08
1.14850e-08
1.14900e-08
1.14950e-08
1.15000e-08
1.15050e-08
1.15100e-08
1.15150e-08
1.15200e-08
1.15250e-08
1.15300e-08
1.15350e-08
1.15400e-08
1.15450e-08
1.15500e-08
1.15550e-08
1.15600e-08
1.15650e-08
1.15700e-08
1.15750e-08
1.15800e-08
1.15850e-08
1.15900e-08
1.15950e-08
1.16000e-08
1.16050e-08
1.16100e-08
1.16150e-08
1.16200e-08
1.16250e-08
1.16300e-08
1.16350e-08
1.16400e-08
1.16450e-08
1.16500e-08
1.16550e-08
1.16600e-08
1.16650e-08
1.16700e-08
1.16750e-08
1.16800e-08
1.16850e-08
1.16900e-08
1.16950e-08
1.17000e-08
1.17050e-08
1.17100e-08
1.17150e-08
1.17200e-08
1.17250e-08
1.17300e-08
1.17350e-08
1.17400e-08
1.17450e-08
1.17500e-08
1.17550e-08
1.17600e-08
1.17650e-08
1.17700e-08
1.17750e-08
1.17800e-08
1.17850e-08
1.17900e-08
1.17950e-08
1.18000e-08
1.18050e-08
1.18100e-08
1.18150e-08
1.18200e-08
1.18250e-08
1.18300e-08
1.18350e-08
1.18400e-08
1.18450e-08
1.18500e-08
1.18550e-08
1.18600e-08
1.18650e-08
1.18700e-08
1.18750e-08
1.18800e-08
1.18850e-08
1.18900e-08
1.18950e-08
1.19000e-08
1.19050e-08
1.19100e-08
1.19150e-08
1.19200e-08
1.19250e-08
1.19300e-08
1.19350e-08
1.19400e-08
1.19450e-08
1.19500e-08
1.19550e-08
1.19600e-08
1.19650e-08
1.19700e-08
1.19750e-08
1.19800e-08
1.19850e-08
1.19900e-08
1.19950e-08
1.20000e-08
1.20050e-08
1.20100e-08
1.20150e-08
1.20200e-08
1.20250e-08
1.20300e-08
1.20350e-08
1.20400e-08
1.20450e-08
1.20500e-08
1.20550e-08
1.20600e-08
1.20650e-08
1.20700e-08
1.20750e-08
1.20800e-08
1.20850e-08
1.20900e-08
1.20950e-08
1.21000e-08
1.21050e-08
1.21100e-08
1.21150e-08
1.21200e-08
1.21250e-08
1.21300e-08
1.21350e-08
1.21400e-08
1.21450e-08
1.21500e-08
1.21550e-08
1.21600e-08
1.21650e-08
1.21700e-08
1.21750e-08
1.21800e-08
1.21850e-08
1.21900e-08
1.21950e-08
1.22000e-08
1.22050e-08
1.22100e-08
1.22150e-08
1.22200e-08
1.22250e-08
1.22300e-08
1.22350e-08
1.22400e-08
1.22450e-08
1.22500e-08
1.22550e-08
1.22600e-08
1.22650e-08
1.22700e-08
1.22750e-08
1.22800e-08
1.22850e-08
1.22900e-08
1.22950e-08
1.23000e-08
1.23050e-08
1.23100e-08
1.23150e-08
1.23200e-08
1.23250e-08
1.23300e-08
1.23350e-08
1.23400e-08
1.23450e-08
1.23500e-08
1.23550e-08
1.23600e-08
1.23650e-08
1.23700e-08
1.23750e-08
1.23800e-08
1.23850e-08
1.23900e-08
1.23950e-08
1.24000e-08
1.24050e-08
1.24100e-08
1.24150e-08
1.24200e-08
1.24250e-08
1.24300e-08
1.24350e-08
1.24400e-08
1.24450e-08
1.24500e-08
1.24550e-08
1.24600e-08
1.24650e-08
1.24700e-08
1.24750e-08
1.24800e-08
1.24850e-08
1.24900e-08
1.24950e-08
1.25000e-08
1.25050e-08
1.25100e-08
1.25150e-08
1.25200e-08
1.25250e-08
1.25300e-08
1.25350e-08
1.25400e-08
1.25450e-08
1.25500e-08
1.25550e-08
1.25600e-08
1.25650e-08
1.25700e-08
1.25750e-08
1.25800e-08
1.25850e-08
1.25900e-08
1.25950e-08
1.26000e-08
1.26050e-08
1.26100e-08
1.26150e-08
1.26200e-08
1.26250e-08
1.26300e-08
1.26350e-08
1.26400e-08
1.26450e-08
1.26500e-08
1.26550e-08
1.26600e-08
1.26650e-08
1.26700e-08
1.26750e-08
1.26800e-08
1.26850e-08
1.26900e-08
1.26950e-08
1.27000e-08
1.27050e-08
1.27100e-08
1.27150e-08
1.27200e-08
1.27250e-08
1.27300e-08
1.27350e-08
1.27400e-08
1.27450e-08
1.27500e-08
1.27550e-08
1.27600e-08
1.27650e-08
1.27700e-08
1.27750e-08
1.27800e-08
1.27850e-08
1.27900e-08
1.27950e-08
1.28000e-08
1.28050e-08
1.28100e-08
1.28150e-08
1.28200e-08
1.28250e-08
1.28300e-08
1.28350e-08
1.28400e-08
1.28450e-08
1.28500e-08
1.28550e-08
1.28600e-08
1.28650e-08
1.28700e-08
1.28750e-08
1.28800e-08
1.28850e-08
1.28900e-08
1.28950e-08
1.29000e-08
1.29050e-08
1.29100e-08
1.29150e-08
1.29200e-08
1.29250e-08
1.29300e-08
1.29350e-08
1.29400e-08
1.29450e-08
1.29500e-08
1.29550e-08
1.29600e-08
1.29650e-08
1.29700e-08
1.29750e-08
1.29800e-08
1.29850e-08
1.29900e-08
1.29950e-08
1.30000e-08
