0.00000e+00
5.00000e-12
1.00000e-11
1.50000e-11
2.00000e-11
2.50000e-11
3.00000e-11
3.50000e-11
4.00000e-11
4.50000e-11
5.00000e-11
5.50000e-11
6.00000e-11
6.50000e-11
7.00000e-11
7.50000e-11
8.00000e-11
8.50000e-11
9.00000e-11
9.50000e-11
1.00000e-10
1.05000e-10
1.10000e-10
1.15000e-10
1.20000e-10
1.25000e-10
1.30000e-10
1.35000e-10
1.40000e-10
1.45000e-10
1.50000e-10
1.55000e-10
1.60000e-10
1.65000e-10
1.70000e-10
1.75000e-10
1.80000e-10
1.85000e-10
1.90000e-10
1.95000e-10
2.00000e-10
2.05000e-10
2.10000e-10
2.15000e-10
2.20000e-10
2.25000e-10
2.30000e-10
2.35000e-10
2.40000e-10
2.45000e-10
2.50000e-10
2.55000e-10
2.60000e-10
2.65000e-10
2.70000e-10
2.75000e-10
2.80000e-10
2.85000e-10
2.90000e-10
2.95000e-10
3.00000e-10
3.05000e-10
3.10000e-10
3.15000e-10
3.20000e-10
3.25000e-10
3.30000e-10
3.35000e-10
3.40000e-10
3.45000e-10
3.50000e-10
3.55000e-10
3.60000e-10
3.65000e-10
3.70000e-10
3.75000e-10
3.80000e-10
3.85000e-10
3.90000e-10
3.95000e-10
4.00000e-10
4.05000e-10
4.10000e-10
4.15000e-10
4.20000e-10
4.25000e-10
4.30000e-10
4.35000e-10
4.40000e-10
4.45000e-10
4.50000e-10
4.55000e-10
4.60000e-10
4.65000e-10
4.70000e-10
4.75000e-10
4.80000e-10
4.85000e-10
4.90000e-10
4.95000e-10
5.00000e-10
5.05000e-10
5.10000e-10
5.15000e-10
5.20000e-10
5.25000e-10
5.30000e-10
5.35000e-10
5.40000e-10
5.45000e-10
5.50000e-10
5.55000e-10
5.60000e-10
5.65000e-10
5.70000e-10
5.75000e-10
5.80000e-10
5.85000e-10
5.90000e-10
5.95000e-10
6.00000e-10
6.05000e-10
6.10000e-10
6.15000e-10
6.20000e-10
6.25000e-10
6.30000e-10
6.35000e-10
6.40000e-10
6.45000e-10
6.50000e-10
6.55000e-10
6.60000e-10
6.65000e-10
6.70000e-10
6.75000e-10
6.80000e-10
6.85000e-10
6.90000e-10
6.95000e-10
7.00000e-10
7.05000e-10
7.10000e-10
7.15000e-10
7.20000e-10
7.25000e-10
7.30000e-10
7.35000e-10
7.40000e-10
7.45000e-10
7.50000e-10
7.55000e-10
7.60000e-10
7.65000e-10
7.70000e-10
7.75000e-10
7.80000e-10
7.85000e-10
7.90000e-10
7.95000e-10
8.00000e-10
8.05000e-10
8.10000e-10
8.15000e-10
8.20000e-10
8.25000e-10
8.30000e-10
8.35000e-10
8.40000e-10
8.45000e-10
8.50000e-10
8.55000e-10
8.60000e-10
8.65000e-10
8.70000e-10
8.75000e-10
8.80000e-10
8.85000e-10
8.90000e-10
8.95000e-10
9.00000e-10
9.05000e-10
9.10000e-10
9.15000e-10
9.20000e-10
9.25000e-10
9.30000e-10
9.35000e-10
9.40000e-10
9.45000e-10
9.50000e-10
9.55000e-10
9.60000e-10
9.65000e-10
9.70000e-10
9.75000e-10
9.80000e-10
9.85000e-10
9.90000e-10
9.95000e-10
1.00000e-09
