 0.00000e+00  5.75000e-09  0.00000e+00  5.75000e-09  0.00000e+00  1.10000e-08 
 5.75000e-09  1.15000e-08  0.00000e+00  5.75000e-09  0.00000e+00  1.10000e-08 
 0.00000e+00  5.75000e-09  5.75000e-09  1.15000e-08  0.00000e+00  1.10000e-08 
 5.75000e-09  1.15000e-08  5.75000e-09  1.15000e-08  0.00000e+00  1.10000e-08 
 0.00000e+00  5.75000e-09  0.00000e+00  5.75000e-09  1.10000e-08  2.20000e-08 
 5.75000e-09  1.15000e-08  0.00000e+00  5.75000e-09  1.10000e-08  2.20000e-08 
 0.00000e+00  5.75000e-09  5.75000e-09  1.15000e-08  1.10000e-08  2.20000e-08 
 5.75000e-09  1.15000e-08  5.75000e-09  1.15000e-08  1.10000e-08  2.20000e-08 
 1.15000e-08  1.70000e-08  0.00000e+00  5.75000e-09  0.00000e+00  1.10000e-08 
 1.70000e-08  2.25000e-08  0.00000e+00  5.75000e-09  0.00000e+00  1.10000e-08 
 1.15000e-08  1.70000e-08  5.75000e-09  1.15000e-08  0.00000e+00  1.10000e-08 
 1.70000e-08  2.25000e-08  5.75000e-09  1.15000e-08  0.00000e+00  1.10000e-08 
 1.15000e-08  1.70000e-08  0.00000e+00  5.75000e-09  1.10000e-08  2.20000e-08 
 1.70000e-08  2.25000e-08  0.00000e+00  5.75000e-09  1.10000e-08  2.20000e-08 
 1.15000e-08  1.70000e-08  5.75000e-09  1.15000e-08  1.10000e-08  2.20000e-08 
 1.70000e-08  2.25000e-08  5.75000e-09  1.15000e-08  1.10000e-08  2.20000e-08 
 2.25000e-08  2.82500e-08  0.00000e+00  5.75000e-09  0.00000e+00  1.10000e-08 
 2.82500e-08  3.40000e-08  0.00000e+00  5.75000e-09  0.00000e+00  1.10000e-08 
 2.25000e-08  2.82500e-08  5.75000e-09  1.15000e-08  0.00000e+00  1.10000e-08 
 2.82500e-08  3.40000e-08  5.75000e-09  1.15000e-08  0.00000e+00  1.10000e-08 
 2.25000e-08  2.82500e-08  0.00000e+00  5.75000e-09  1.10000e-08  2.20000e-08 
 2.82500e-08  3.40000e-08  0.00000e+00  5.75000e-09  1.10000e-08  2.20000e-08 
 2.25000e-08  2.82500e-08  5.75000e-09  1.15000e-08  1.10000e-08  2.20000e-08 
 2.82500e-08  3.40000e-08  5.75000e-09  1.15000e-08  1.10000e-08  2.20000e-08 
 0.00000e+00  5.75000e-09  1.15000e-08  1.70000e-08  0.00000e+00  1.10000e-08 
 5.75000e-09  1.15000e-08  1.15000e-08  1.70000e-08  0.00000e+00  1.10000e-08 
 0.00000e+00  5.75000e-09  1.70000e-08  2.25000e-08  0.00000e+00  1.10000e-08 
 5.75000e-09  1.15000e-08  1.70000e-08  2.25000e-08  0.00000e+00  1.10000e-08 
 0.00000e+00  5.75000e-09  1.15000e-08  1.70000e-08  1.10000e-08  2.20000e-08 
 5.75000e-09  1.15000e-08  1.15000e-08  1.70000e-08  1.10000e-08  2.20000e-08 
 0.00000e+00  5.75000e-09  1.70000e-08  2.25000e-08  1.10000e-08  2.20000e-08 
 5.75000e-09  1.15000e-08  1.70000e-08  2.25000e-08  1.10000e-08  2.20000e-08 
 2.25000e-08  2.82500e-08  1.15000e-08  1.70000e-08  0.00000e+00  1.10000e-08 
 2.82500e-08  3.40000e-08  1.15000e-08  1.70000e-08  0.00000e+00  1.10000e-08 
 2.25000e-08  2.82500e-08  1.70000e-08  2.25000e-08  0.00000e+00  1.10000e-08 
 2.82500e-08  3.40000e-08  1.70000e-08  2.25000e-08  0.00000e+00  1.10000e-08 
 2.25000e-08  2.82500e-08  1.15000e-08  1.70000e-08  1.10000e-08  2.20000e-08 
 2.82500e-08  3.40000e-08  1.15000e-08  1.70000e-08  1.10000e-08  2.20000e-08 
 2.25000e-08  2.82500e-08  1.70000e-08  2.25000e-08  1.10000e-08  2.20000e-08 
 2.82500e-08  3.40000e-08  1.70000e-08  2.25000e-08  1.10000e-08  2.20000e-08 
 0.00000e+00  5.75000e-09  2.25000e-08  2.82500e-08  0.00000e+00  1.10000e-08 
 5.75000e-09  1.15000e-08  2.25000e-08  2.82500e-08  0.00000e+00  1.10000e-08 
 0.00000e+00  5.75000e-09  2.82500e-08  3.40000e-08  0.00000e+00  1.10000e-08 
 5.75000e-09  1.15000e-08  2.82500e-08  3.40000e-08  0.00000e+00  1.10000e-08 
 0.00000e+00  5.75000e-09  2.25000e-08  2.82500e-08  1.10000e-08  2.20000e-08 
 5.75000e-09  1.15000e-08  2.25000e-08  2.82500e-08  1.10000e-08  2.20000e-08 
 0.00000e+00  5.75000e-09  2.82500e-08  3.40000e-08  1.10000e-08  2.20000e-08 
 5.75000e-09  1.15000e-08  2.82500e-08  3.40000e-08  1.10000e-08  2.20000e-08 
 1.15000e-08  1.70000e-08  2.25000e-08  2.82500e-08  0.00000e+00  1.10000e-08 
 1.70000e-08  2.25000e-08  2.25000e-08  2.82500e-08  0.00000e+00  1.10000e-08 
 1.15000e-08  1.70000e-08  2.82500e-08  3.40000e-08  0.00000e+00  1.10000e-08 
 1.70000e-08  2.25000e-08  2.82500e-08  3.40000e-08  0.00000e+00  1.10000e-08 
 1.15000e-08  1.70000e-08  2.25000e-08  2.82500e-08  1.10000e-08  2.20000e-08 
 1.70000e-08  2.25000e-08  2.25000e-08  2.82500e-08  1.10000e-08  2.20000e-08 
 1.15000e-08  1.70000e-08  2.82500e-08  3.40000e-08  1.10000e-08  2.20000e-08 
 1.70000e-08  2.25000e-08  2.82500e-08  3.40000e-08  1.10000e-08  2.20000e-08 
 2.25000e-08  2.82500e-08  2.25000e-08  2.82500e-08  0.00000e+00  1.10000e-08 
 2.82500e-08  3.40000e-08  2.25000e-08  2.82500e-08  0.00000e+00  1.10000e-08 
 2.25000e-08  2.82500e-08  2.82500e-08  3.40000e-08  0.00000e+00  1.10000e-08 
 2.82500e-08  3.40000e-08  2.82500e-08  3.40000e-08  0.00000e+00  1.10000e-08 
 2.25000e-08  2.82500e-08  2.25000e-08  2.82500e-08  1.10000e-08  2.20000e-08 
 2.82500e-08  3.40000e-08  2.25000e-08  2.82500e-08  1.10000e-08  2.20000e-08 
 2.25000e-08  2.82500e-08  2.82500e-08  3.40000e-08  1.10000e-08  2.20000e-08 
 2.82500e-08  3.40000e-08  2.82500e-08  3.40000e-08  1.10000e-08  2.20000e-08 
