0.00000e+00
5.00000e-12
1.00000e-11
1.50000e-11
2.00000e-11
2.50000e-11
3.00000e-11
3.50000e-11
4.00000e-11
4.50000e-11
5.00000e-11
5.50000e-11
6.00000e-11
6.50000e-11
7.00000e-11
7.50000e-11
8.00000e-11
8.50000e-11
9.00000e-11
9.50000e-11
1.00000e-10
1.05000e-10
1.10000e-10
1.15000e-10
1.20000e-10
1.25000e-10
1.30000e-10
1.35000e-10
1.40000e-10
1.45000e-10
1.50000e-10
1.55000e-10
1.60000e-10
1.65000e-10
1.70000e-10
1.75000e-10
1.80000e-10
1.85000e-10
1.90000e-10
1.95000e-10
2.00000e-10
2.05000e-10
2.10000e-10
2.15000e-10
2.20000e-10
2.25000e-10
2.30000e-10
2.35000e-10
2.40000e-10
2.45000e-10
2.50000e-10
2.55000e-10
2.60000e-10
2.65000e-10
2.70000e-10
2.75000e-10
2.80000e-10
2.85000e-10
2.90000e-10
2.95000e-10
3.00000e-10
3.05000e-10
3.10000e-10
3.15000e-10
3.20000e-10
3.25000e-10
3.30000e-10
3.35000e-10
3.40000e-10
3.45000e-10
3.50000e-10
3.55000e-10
3.60000e-10
3.65000e-10
3.70000e-10
3.75000e-10
3.80000e-10
3.85000e-10
3.90000e-10
3.95000e-10
4.00000e-10
4.05000e-10
4.10000e-10
4.15000e-10
4.20000e-10
4.25000e-10
4.30000e-10
4.35000e-10
4.40000e-10
4.45000e-10
4.50000e-10
4.55000e-10
4.60000e-10
4.65000e-10
4.70000e-10
4.75000e-10
4.80000e-10
4.85000e-10
4.90000e-10
4.95000e-10
5.00000e-10